nums_threads: 1 2 4 8 16 32 64 128 256 512 1024 2048 4096 
elm_cnts: 1000 2000 4000 8000 16000 32000 64000 128000 
timings:
0.000811487 0.00144232 0.00314278 0.0057898 0.0129684 0.022424 0.0556808 0.116768 
0.000835555 0.00113267 0.0033993 0.00467135 0.012576 0.0217285 0.0420345 0.118837 
0.000855081 0.00114845 0.00332304 0.00464076 0.0121982 0.0217033 0.0409193 0.115399 
0.000893956 0.00114609 0.00336022 0.00469605 0.0122149 0.0218542 0.0406344 0.114795 
0.0010923 0.00124268 0.00341484 0.00584778 0.0120528 0.0271331 0.0503846 0.143941 
0.00136123 0.00147216 0.00363073 0.00494435 0.013102 0.0282898 0.0462922 0.115081 
0.00202653 0.00234031 0.0043785 0.0061653 0.0129572 0.0238528 0.0455955 0.117337 
0.00368884 0.00368769 0.00588685 0.00731513 0.0143906 0.0229038 0.0405353 0.114418 
0.00374147 0.00184709 0.00412848 0.00535219 0.0128832 0.0225921 0.0546811 0.143794 
0.00586055 0.00239425 0.00416676 0.00607309 0.0131879 0.0228259 0.0422044 0.156515 
0.00222863 0.00230117 0.00455666 0.00583827 0.0135644 0.022629 0.0472579 0.117409 
0.00198833 0.0025643 0.0044778 0.00587599 0.013143 0.029894 0.0422231 0.116633 
0.00201454 0.00228685 0.00446089 0.00588933 0.0135674 0.0227769 0.0421992 0.116366 
