 1   1  0.00394722  0.00843257  0.01785168  0.03833334  0.08060458  0.16662020  0.34586802  0.72016056  1.51689927  3.14634765
 1   2  0.00219121  0.00593521  0.01101290  0.02791607  0.04205457  0.08712035  0.19170500  0.37696404  0.97082353  2.51654288
 1   4  0.00212762  0.00341192  0.00838998  0.02475767  0.03933482  0.06256896  0.12991238  0.31527889  0.64787373  1.30092295
 1   8  0.00219940  0.00305950  0.00657705  0.01288404  0.03242566  0.05311605  0.09374246  0.19563998  0.42943689  0.81025520
 1  12  0.00255769  0.00286043  0.00487759  0.01113631  0.02408914  0.04678056  0.08385347  0.15341845  0.33037994  0.67328514
 1  16  0.00258020  0.00246187  0.00441228  0.01016888  0.02134956  0.03701068  0.07358403  0.13089934  0.29806160  0.58942329
 1  20  0.00248165  0.00202046  0.00363376  0.00902689  0.01751406  0.02925944  0.06347957  0.10209054  0.22771037  0.44438944
 1  24  0.00249877  0.00216142  0.00362696  0.00935404  0.01816525  0.02820462  0.05880258  0.09957352  0.21294603  0.44357133
 1  28  0.00265224  0.00222502  0.00383766  0.00918377  0.01803746  0.02893167  0.05779572  0.09744902  0.20874543  0.43885021
 1  32  0.00295500  0.00240616  0.00382609  0.00926084  0.01835635  0.02916767  0.05694534  0.09874704  0.20524787  0.44173919

 2   2  0.00219702  0.00592753  0.01100183  0.02790692  0.04202865  0.08704623  0.19125583  0.38076651  0.97205297  2.67670936
 2   4  0.00214106  0.00340632  0.00837804  0.02468693  0.03932710  0.06255941  0.13252096  0.31473504  0.64738827  1.30923239
 2   8  0.00199325  0.00257359  0.00536911  0.01110438  0.02845838  0.04873824  0.08722128  0.17432463  0.39687623  0.69717233
 2  12  0.00206603  0.00246113  0.00421630  0.00927630  0.01994278  0.03760583  0.06984454  0.12206766  0.27965906  0.56178785
 2  16  0.00221507  0.00221826  0.00371595  0.00917476  0.01849882  0.03118237  0.06387669  0.11034337  0.24810252  0.48514926
 2  20  0.00239022  0.00227248  0.00375748  0.00914846  0.01827678  0.03005766  0.06294416  0.10251750  0.22022704  0.44468879
 2  24  0.00263672  0.00218901  0.00370946  0.00956745  0.01792062  0.02888299  0.05902066  0.09742350  0.21408295  0.46292043
 2  28  0.00257125  0.00240017  0.00384824  0.00917359  0.01784398  0.02848891  0.05740800  0.09501136  0.20298550  0.44379905
 2  32  0.00292307  0.00252319  0.00398437  0.00961180  0.01921040  0.02948260  0.05927553  0.10046098  0.20343762  0.43777730
 2  36  0.00288003  0.00237073  0.00380028  0.00936066  0.01910727  0.02927160  0.05719720  0.09779532  0.19793208  0.43392402
 2  40  0.00331757  0.00275312  0.00408799  0.01027999  0.01980993  0.03023559  0.05955289  0.10040851  0.19827360  0.43207666

 4   4  0.00215021  0.00340827  0.00838120  0.02468333  0.03935880  0.06255163  0.14097146  0.31948701  0.64705251  1.30435128
 4   8  0.00207569  0.00285525  0.00585660  0.01160434  0.02701617  0.04919500  0.09050777  0.18389781  0.40165650  0.73790684
 4  12  0.00210002  0.00246690  0.00413829  0.00936015  0.02094511  0.03836170  0.07401263  0.12336649  0.29441320  0.56436252
 4  16  0.00220750  0.00222991  0.00376725  0.00927778  0.01883044  0.03200905  0.06218625  0.10947408  0.25292807  0.48891697
 4  20  0.00234912  0.00223602  0.00378729  0.00919173  0.01806659  0.02959850  0.06233958  0.10318044  0.22910496  0.46295708
 4  24  0.00259052  0.00235869  0.00379551  0.00954452  0.01794016  0.02997870  0.05942727  0.10067882  0.21427647  0.45160756
 4  28  0.00267987  0.00234313  0.00377423  0.00962102  0.01846291  0.02972243  0.05608174  0.09989825  0.21109913  0.44294421
 4  32  0.00279666  0.00249761  0.00388638  0.00962694  0.01941218  0.02933075  0.05856574  0.09922059  0.22227551  0.46235048
 4  36  0.00364915  0.00268471  0.00431774  0.01106358  0.01997705  0.03008864  0.06001166  0.10201575  0.20807214  0.44076341
 4  40  0.00350527  0.00286341  0.00440640  0.01059346  0.02039432  0.03100807  0.05875932  0.10550595  0.20868685  0.44695793
 4  44  0.00350949  0.00291268  0.00417907  0.01091814  0.02006788  0.03105557  0.05818135  0.09843961  0.20090893  0.46782163
 4  48  0.00349074  0.00273565  0.00422960  0.01066603  0.01961916  0.03023230  0.05980540  0.09801102  0.20026724  0.43032083

 8   8  0.00194116  0.00258045  0.00541092  0.01126685  0.03026380  0.04898147  0.08784408  0.17583441  0.38802119  0.69544578
 8  12  0.00215948  0.00244310  0.00428757  0.00926985  0.02096875  0.03809946  0.07433689  0.12562975  0.29002202  0.55625934
 8  16  0.00224930  0.00223586  0.00376104  0.00928979  0.01866483  0.03113312  0.06588405  0.11457380  0.25656925  0.49184612
 8  20  0.00246083  0.00230058  0.00392252  0.00943633  0.01893883  0.03084254  0.06073895  0.10953231  0.23771147  0.46184189
 8  24  0.00265504  0.00238958  0.00393737  0.00935466  0.01882291  0.03001496  0.05933798  0.10404946  0.22016735  0.44383836
 8  28  0.00269336  0.00239066  0.00384756  0.00967618  0.01942385  0.03015527  0.06009391  0.09836659  0.20996806  0.45380327
 8  32  0.00293451  0.00255855  0.00415590  0.01014253  0.01917747  0.02979216  0.05791441  0.10105832  0.20758010  0.44253176
 8  36  0.00330617  0.00287512  0.00465417  0.01115616  0.01976900  0.03159745  0.06077543  0.10017581  0.21102414  0.43475922
 8  40  0.00328264  0.00279762  0.00427786  0.01100177  0.02053092  0.03096870  0.05823629  0.10445189  0.20496958  0.43782444
 8  44  0.00377579  0.00292823  0.00439497  0.01149093  0.02091727  0.03056284  0.05959245  0.10540396  0.20957235  0.44531452
 8  48  0.00364274  0.00325389  0.00538581  0.01166459  0.02235431  0.03359973  0.06409373  0.10759911  0.20605198  0.46253564
 8  52  0.00432805  0.00310049  0.00456497  0.01194977  0.02287113  0.03138645  0.06267305  0.10081182  0.21445770  0.46458008

 6   8  0.00194892  0.00258356  0.00538173  0.01120451  0.02849953  0.04876027  0.08742437  0.17459825  0.38628961  0.69643197
 6  12  0.00216325  0.00249792  0.00420320  0.00948654  0.02073985  0.03965000  0.06865251  0.12093346  0.28491710  0.56359973
 6  16  0.00226661  0.00214137  0.00374144  0.00905461  0.01890440  0.03181944  0.06308533  0.10997679  0.25849922  0.48331107
 6  20  0.00246815  0.00227613  0.00364616  0.00899338  0.01767305  0.03002909  0.05873441  0.10479650  0.22547068  0.45929864
 6  24  0.00246058  0.00224645  0.00372142  0.00911914  0.01787895  0.02880173  0.06038954  0.09649707  0.21180867  0.46644937
 6  28  0.00272737  0.00233897  0.00374917  0.00924953  0.01818475  0.02902253  0.05656103  0.09665179  0.20298936  0.45076742
 6  32  0.00291982  0.00251870  0.00396446  0.00945409  0.01839537  0.02873451  0.05587204  0.09639328  0.20267091  0.43850412
 6  36  0.00295319  0.00250127  0.00381252  0.00989687  0.01936224  0.02894352  0.05674074  0.09939007  0.19851175  0.44599509
 6  40  0.00340190  0.00287430  0.00410172  0.01003004  0.01914767  0.02970626  0.05770274  0.09940182  0.20477850  0.43859188
 6  44  0.00320750  0.00249024  0.00417081  0.01020778  0.01983760  0.02944528  0.05771424  0.09987767  0.20678403  0.44343333
 6  48  0.00350319  0.00288131  0.00417229  0.01068525  0.01978346  0.03061734  0.05864445  0.09929113  0.20572568  0.46929998
 6  52  0.00378077  0.00313913  0.00441830  0.01170203  0.02038603  0.03162706  0.05961910  0.10233453  0.20435801  0.44680395

10  12  0.00208728  0.00249765  0.00413330  0.00934739  0.01994145  0.03955949  0.07191876  0.12292405  0.28771682  0.55705060
10  16  0.00226666  0.00216053  0.00362186  0.00913294  0.01837663  0.03140225  0.06348598  0.11131867  0.25461142  0.49529009
10  20  0.00234055  0.00203640  0.00365433  0.00896569  0.01798394  0.02879856  0.06077190  0.10136151  0.22052336  0.44690183
10  24  0.00251203  0.00219890  0.00357237  0.00932462  0.01806008  0.02855696  0.05827782  0.09736200  0.21044990  0.44334220
10  28  0.00262313  0.00230009  0.00381240  0.00897311  0.01844428  0.02929299  0.05666960  0.09620129  0.20172457  0.44152056
10  32  0.00279211  0.00283955  0.00415086  0.01059970  0.01994418  0.03051921  0.06024841  0.10352708  0.22238560  0.45746888
10  36  0.00339589  0.00289063  0.00436082  0.01073059  0.02005909  0.03043657  0.06059273  0.10002591  0.21834490  0.44115034
10  40  0.00340832  0.00328496  0.00465549  0.01096039  0.02072565  0.03239331  0.06165880  0.11479183  0.22391310  0.46070343
10  44  0.00355896  0.00298351  0.00446090  0.01022460  0.01995082  0.03016479  0.05995922  0.10054022  0.20062056  0.46016584
10  48  0.00345780  0.00285422  0.00409167  0.01034013  0.01937404  0.03021194  0.05545704  0.10070964  0.20237738  0.44917892
10  52  0.00553112  0.00467556  0.00536994  0.01358338  0.02196553  0.03434305  0.06345953  0.11662195  0.21480192  0.46165627
10  56  0.00377200  0.00310088  0.00499972  0.01131212  0.02108048  0.03168579  0.06346221  0.11189200  0.20670757  0.44232013
10  60  0.00393981  0.00329805  0.00466255  0.01212556  0.02060919  0.03190244  0.05922680  0.09692844  0.20648772  0.43719441
10  64  0.00416483  0.00338779  0.00494118  0.01229252  0.02193024  0.03184391  0.06299868  0.10841583  0.20266967  0.45828372

12  12  0.00206492  0.00249639  0.00416668  0.00939943  0.01982145  0.03965234  0.07201860  0.12551632  0.29926824  0.57583782
12  16  0.00226651  0.00219089  0.00383689  0.00930531  0.01899187  0.03027157  0.06462499  0.11007600  0.25380584  0.50669687
12  20  0.00242251  0.00233651  0.00366873  0.00940951  0.01874159  0.03105803  0.06226467  0.10781157  0.23150608  0.47135374
12  24  0.00261832  0.00235953  0.00393694  0.00978770  0.01836379  0.03117467  0.05964863  0.10411098  0.22112112  0.47208413
12  28  0.00267073  0.00232984  0.00414952  0.00963805  0.01856473  0.02953725  0.05940658  0.10042342  0.20935538  0.46385858
12  32  0.00295480  0.00263140  0.00434873  0.00997695  0.01944091  0.03123749  0.05940033  0.10087225  0.20553453  0.45921204
12  36  0.00325408  0.00263431  0.00409986  0.01040901  0.01956375  0.03020045  0.05954028  0.10149411  0.20733237  0.45699972
12  40  0.00330408  0.00283175  0.00448578  0.01113098  0.01992890  0.03221895  0.05820750  0.10152175  0.21381479  0.44430545
12  44  0.00385125  0.00303477  0.00487312  0.01119301  0.02212535  0.03278230  0.06009296  0.10382854  0.21544807  0.46758456
12  48  0.00354125  0.00327137  0.00477247  0.01124953  0.01981486  0.03358292  0.06034193  0.10539790  0.21003347  0.46529066
12  52  0.00420573  0.00498857  0.00540676  0.01213899  0.02291595  0.03363723  0.06448530  0.11403896  0.20419335  0.45965639
12  56  0.00483164  0.00439158  0.00524852  0.01334330  0.02221748  0.03343153  0.06117505  0.11204424  0.21814442  0.49384819
12  60  0.00438712  0.00576806  0.00536607  0.01274307  0.02254692  0.03494543  0.06375001  0.11211575  0.22705770  0.45040542
12  64  0.00483825  0.00562819  0.00615687  0.01351895  0.02394642  0.03617428  0.07108159  0.10690932  0.22685518  0.49566797
