nums_threads: 1 2 4 8 16 32 64 128 256 512 1024 2048 4096 
elm_cnts: 1000 2000 4000 8000 16000 32000 64000 128000 
timings:
0.00081877 0.0014565 0.00320302 0.00581827 0.0133219 0.0228679 0.0560508 0.11961 
0.00081171 0.00111665 0.00337678 0.00457461 0.0124191 0.0212272 0.0415708 0.117924 
0.000821761 0.00116084 0.00339074 0.00456608 0.0124562 0.0212551 0.041584 0.117765 
0.000922914 0.00117134 0.00339984 0.00475111 0.0119022 0.0212611 0.0416138 0.117738 
0.00107829 0.00138366 0.00345079 0.00469818 0.0123459 0.0222303 0.0408257 0.117958 
0.00130753 0.00145382 0.00385111 0.00545685 0.0134521 0.0296566 0.0450013 0.118016 
0.00272541 0.0031338 0.00473285 0.00549999 0.0136798 0.0220541 0.0513892 0.12031 
0.00266538 0.00178211 0.00393504 0.00584527 0.0132563 0.0225516 0.0463564 0.117962 
0.00327101 0.00220691 0.00436519 0.00574775 0.0130883 0.0229145 0.0420532 0.118496 
0.00640143 0.00231761 0.00426094 0.00597324 0.0132038 0.0230744 0.0431089 0.118784 
0.0107508 0.00402542 0.0055912 0.00716489 0.0142948 0.0241755 0.0433184 0.119839 
0.0222596 0.00604011 0.00782954 0.00879096 0.0162889 0.0262407 0.0453117 0.12155 
0.0441758 0.0126718 0.0127465 0.0153517 0.0201522 0.0303975 0.0592982 0.127283 
