 1  10  0.00210428  0.00286756  0.00482548  0.01084344  0.02449062  0.05094610  0.08503393  0.14061251  0.31893353  0.70532647
 1   4  0.00212668  0.00344547  0.00842687  0.02477891  0.03946678  0.06265578  0.13747705  0.31628603  0.65192886  1.36044045
 1  16  0.00255678  0.00251393  0.00427777  0.01036570  0.01986940  0.03357198  0.06919619  0.13388400  0.31541653  0.49488704
 1   1  0.00397177  0.00842750  0.01778559  0.03820200  0.08045493  0.16665085  0.34571245  0.72450010  1.58055864  3.20322793
 1  28  0.00293836  0.00280865  0.00477346  0.01165103  0.02559682  0.03116026  0.05792654  0.13276904  0.26578495  0.48965146
 1  22  0.00238901  0.00233680  0.00375444  0.00949414  0.02032156  0.03652918  0.07249045  0.11372754  0.25738374  0.57215150
 1  34  0.00353489  0.00283949  0.00507252  0.01371029  0.01968193  0.03191084  0.06160742  0.12775571  0.23679680  0.51311291
 1  40  0.00497268  0.00441414  0.00651732  0.01377102  0.02649215  0.04603344  0.07437724  0.10070083  0.19673008  0.41753425
 1  46  0.00372840  0.00295277  0.00469464  0.01196869  0.02120578  0.03194702  0.05798436  0.10441665  0.20487489  0.47745321
 1  58  0.00416643  0.00423030  0.00481916  0.01129081  0.02074334  0.03147822  0.06119530  0.10235467  0.20870831  0.45916248
 1  52  0.00389686  0.00327558  0.00470654  0.01154575  0.02051725  0.04245052  0.06974251  0.10301778  0.22459979  0.44722612
 1  64  0.00436404  0.00342551  0.00456732  0.01654310  0.02293124  0.03838180  0.06432246  0.10136458  0.23277029  0.52799921
 2   2  0.00223028  0.00597852  0.01626624  0.04981177  0.06094317  0.08722225  0.19145185  0.37576367  0.96880536  2.58802666
 2  16  0.00261652  0.00303683  0.00488875  0.01123336  0.02187613  0.03911077  0.07448711  0.13623797  0.29139092  0.53339071
 2  10  0.00210540  0.00270582  0.00599809  0.01170821  0.02576600  0.04663367  0.08888810  0.18054059  0.40037850  0.72310517
 2   4  0.00214568  0.00343169  0.00842358  0.02820242  0.04359052  0.07021050  0.14802174  0.29725750  0.66762998  1.31474582
 2  28  0.00476424  0.00363502  0.00757191  0.01514945  0.02831044  0.04111085  0.06794239  0.11927577  0.24595854  0.53028813
 2  34  0.00573808  0.00408008  0.00530075  0.01434824  0.02678275  0.04114015  0.07432705  0.12038065  0.25743776  0.56570265
 2  40  0.00917880  0.00594178  0.00469457  0.01095586  0.03104462  0.03019863  0.05953956  0.13521501  0.27241470  0.55285956
 2  22  0.00436011  0.00498099  0.00563943  0.01358087  0.02854409  0.04122700  0.07061092  0.13107564  0.29377140  0.59114576
 2  58  0.01179275  0.02125849  0.01263219  0.02390211  0.04276831  0.04586422  0.09053351  0.16186780  0.33287017  0.62758309
 2  52  0.01402093  0.01344259  0.01678937  0.02388673  0.03109029  0.04537779  0.10134297  0.16383556  0.30907260  0.67503110
 2  46  0.00348564  0.00298587  0.01212383  0.02601438  0.02766480  0.03476846  0.06784654  0.14917835  0.33996432  0.70734963
 2  64  0.01419178  0.01361274  0.01809591  0.02807949  0.03683877  0.05239206  0.09700441  0.15777284  0.32699551  0.72900909
 4  10  0.00199192  0.00242584  0.00471484  0.01034799  0.02359578  0.04730901  0.07564678  0.14249975  0.34093538  0.73267897
 4  16  0.00256366  0.00264796  0.00448025  0.01116558  0.02151722  0.03453903  0.06530324  0.13160960  0.28119974  0.56727689
 4   4  0.00218251  0.00360703  0.00866362  0.02574586  0.03492177  0.06389476  0.14038431  0.35688508  0.71486444  1.38888801
 4  22  0.00350166  0.00287434  0.00470918  0.01266645  0.02242782  0.03826847  0.07198818  0.10887972  0.23067533  0.46178964
 4  46  0.01301109  0.00909124  0.00581137  0.01458739  0.02670326  0.03551061  0.06742245  0.13557501  0.23263919  0.47069192
 4  40  0.01100427  0.01040692  0.00525214  0.01274375  0.03063714  0.03231278  0.05930970  0.11855925  0.23220930  0.51143562
 4  34  0.00391740  0.00322128  0.00461799  0.01128143  0.02696132  0.03886959  0.05922354  0.10852852  0.24450875  0.54638083
 4  28  0.00331310  0.00294392  0.00497014  0.01212906  0.02767287  0.04152861  0.06327061  0.11872192  0.25037205  0.54238753
 4  64  0.02070392  0.01093600  0.01006667  0.01937485  0.02909841  0.04149126  0.08178483  0.13052075  0.25819519  0.55004798
 4  58  0.01180201  0.01108937  0.01292127  0.01963796  0.02899297  0.04306845  0.08290093  0.13363892  0.25241989  0.56707258
 4  52  0.01376785  0.01454604  0.00955609  0.01685186  0.02874115  0.04253896  0.08211778  0.12853794  0.24996685  0.56795661
 4  64  0.01031331  0.01699892  0.01332152  0.01706730  0.02937803  0.04253899  0.08146558  0.13055648  0.25858232  0.56717918
 6  20  0.00237176  0.00225116  0.00351666  0.00914832  0.01807648  0.02897817  0.05900462  0.10227249  0.22445620  0.46485427
 6   8  0.00192836  0.00259412  0.00569921  0.01144606  0.02935750  0.04963191  0.08908020  0.19804734  0.43339108  0.80206680
 6   6  0.00189860  0.00256629  0.00619665  0.01306447  0.03248603  0.05452145  0.10753224  0.22786355  0.44562872  0.95762904
 6  32  0.00370484  0.00427815  0.00659050  0.01130180  0.02231476  0.03364439  0.06289288  0.09797576  0.22198384  0.46241496
 6  44  0.00326057  0.00275951  0.00414740  0.01028042  0.01952469  0.03019925  0.05746921  0.09837316  0.19916937  0.43491976
 6  68  0.00427932  0.00350616  0.00558137  0.01335015  0.02239634  0.03425623  0.06510598  0.10535217  0.21545293  0.45580696
 6 104  0.00583964  0.00720482  0.00836067  0.01498903  0.02924141  0.03792308  0.06372432  0.10454446  0.20289456  0.45948497
 6  92  0.01155452  0.01329823  0.02024162  0.01924988  0.02994953  0.04244205  0.08205874  0.13309921  0.23711953  0.52620743
 6  56  0.01223808  0.01545595  0.01370941  0.02050660  0.02855757  0.04185654  0.08264504  0.13361184  0.25026480  0.56415271
 6  80  0.01654387  0.01248277  0.01385592  0.02090148  0.03018132  0.04421902  0.08685242  0.13423260  0.26895073  0.58646084
 6 116  0.00655880  0.00883380  0.01240151  0.01745273  0.02633233  0.03747726  0.06689093  0.11404006  0.22918107  0.50042187
 6 128  0.00694998  0.00861354  0.01224941  0.01838407  0.02957847  0.04060296  0.07905768  0.13277902  0.24021665  0.48612617
 8  20  0.00281590  0.00261115  0.00424771  0.01025884  0.01998406  0.03187695  0.06606205  0.11749120  0.24888871  0.51065504
 8   8  0.00195229  0.00258821  0.00537336  0.01115915  0.02759201  0.04639624  0.09636956  0.19885765  0.39766382  0.75644372
 8  32  0.00284766  0.00241378  0.00397905  0.00937291  0.01861786  0.02871014  0.05700440  0.09746112  0.19742886  0.44625179
 8  44  0.00355967  0.00265697  0.00409811  0.01012758  0.02029564  0.02963615  0.05843826  0.09740897  0.21294881  0.45422245
 8  68  0.00441123  0.00444837  0.00534562  0.01335651  0.02479172  0.03401976  0.06523169  0.11231087  0.20869672  0.48122727
 8  92  0.00543662  0.00618328  0.01013421  0.01603481  0.02641654  0.03770653  0.07096823  0.11469448  0.23616165  0.51505697
 8  80  0.01055481  0.00998300  0.01031674  0.01499251  0.02839222  0.04189620  0.07165160  0.12287912  0.24043343  0.51340430
 8  56  0.00891395  0.01130006  0.00819826  0.01848501  0.02811636  0.03955321  0.07949739  0.11945548  0.25921065  0.53350106
 8 104  0.00607141  0.00784009  0.00773488  0.01601686  0.02720477  0.03739417  0.06198027  0.11347026  0.22923933  0.46641525
 8 116  0.00676301  0.00797412  0.01179640  0.01639509  0.02739856  0.03966856  0.07296462  0.12525051  0.24506550  0.53813469
 8 128  0.00737696  0.00727888  0.01308405  0.01788307  0.02379192  0.03996297  0.07299001  0.12426782  0.21762132  0.52520635
 8 128  0.00763006  0.00940896  0.01166413  0.01653540  0.02836825  0.03842895  0.06896891  0.12128023  0.23490405  0.51375082
10  10  0.00216992  0.00842975  0.00690314  0.00958423  0.02636699  0.04892472  0.07811870  0.15058506  0.34315528  0.65442377
10  30  0.00272342  0.00226471  0.00383903  0.00928461  0.01835435  0.02845450  0.05742776  0.09610932  0.20001640  0.43637267
10  12  0.00207730  0.00245588  0.00417995  0.00954178  0.01969213  0.03786692  0.07220035  0.12185157  0.28647966  0.57001690
10  84  0.00537718  0.00714270  0.00650352  0.01464411  0.02523917  0.03764346  0.07205729  0.11521016  0.22690401  0.50119999
10  48  0.00441731  0.00502499  0.00638815  0.01464401  0.02597558  0.03819320  0.07591358  0.11972706  0.25643228  0.57387383
10  66  0.00633923  0.00437031  0.01222894  0.01431188  0.02657515  0.04174403  0.07948738  0.13674692  0.26297317  0.58303521
10 102  0.00622445  0.00603974  0.00958573  0.01693344  0.02406960  0.03634761  0.06794017  0.11269306  0.21883155  0.44740058
10 120  0.00806267  0.00797449  0.00988880  0.01651683  0.02949024  0.03774316  0.07836395  0.12728947  0.23818815  0.54283218
10 156  0.00776629  0.00818696  0.01149802  0.01922698  0.03090354  0.04151652  0.07460428  0.12980675  0.22558985  0.55204101
10 138  0.00821378  0.00927212  0.01195072  0.01693171  0.02752917  0.03809557  0.06602621  0.10858885  0.24961871  0.50750773
10 174  0.00535532  0.00368978  0.01398006  0.01077974  0.03382753  0.02799098  0.05608312  0.10576640  0.23885234  0.46680530
10 192  0.00578433  0.00308998  0.00525634  0.01103105  0.02154075  0.03352993  0.06227850  0.09902839  0.20073384  0.43335201
12  12  0.00206638  0.00251694  0.00414624  0.00935698  0.02031627  0.03657780  0.07093862  0.12505550  0.28406053  0.61463565
12  30  0.00287819  0.00231316  0.00400308  0.00949198  0.01832861  0.02974225  0.05718444  0.09619015  0.20233968  0.43710363
12  48  0.00369594  0.00293512  0.00438731  0.01097163  0.02016803  0.03148765  0.06095869  0.10189269  0.20156270  0.44534507
12  66  0.00477376  0.00353074  0.00513802  0.01257896  0.01992091  0.03403442  0.05938489  0.10516558  0.20408638  0.44278901
12  84  0.00547715  0.00630695  0.00870633  0.01414925  0.02590220  0.03908223  0.07197892  0.11090748  0.22758523  0.50368930
12 102  0.00581383  0.00736352  0.01109785  0.01438169  0.02633771  0.03902945  0.06681434  0.11499221  0.23026970  0.45263638
12 120  0.00651996  0.00713075  0.01197740  0.01838015  0.02826957  0.03865418  0.07639330  0.12526960  0.24005178  0.49867957
12 138  0.00787733  0.00791741  0.01092424  0.01768932  0.02712629  0.03926831  0.07692836  0.12729020  0.23833100  0.49955309
12 156  0.00769139  0.01044327  0.01037711  0.01818138  0.03162003  0.04135698  0.07393540  0.12412588  0.22647351  0.53728683
12 174  0.00560382  0.00313052  0.00563250  0.01173084  0.02232892  0.03618968  0.06827642  0.10264556  0.20697554  0.44183771
12 192  0.00576476  0.00349366  0.00554591  0.01157891  0.02142255  0.03732867  0.06214767  0.10185318  0.20737673  0.43076532
12 192  0.00559104  0.00327215  0.00540906  0.01146989  0.01881980  0.03182615  0.06075596  0.09730645  0.19714204  0.42063065
16  16  0.00224962  0.00216758  0.00363803  0.00905960  0.01829774  0.03053983  0.06372810  0.10926800  0.25466738  0.49081461
16  40  0.00338139  0.00265498  0.00436054  0.01047366  0.02035664  0.03144338  0.05901073  0.09990187  0.21084403  0.45070074
16  64  0.00426215  0.00349320  0.00519210  0.01236978  0.02144565  0.03200770  0.06067212  0.10800730  0.20750441  0.45099141
16  88  0.00533213  0.00535873  0.00872125  0.01446631  0.02622241  0.03727945  0.06643416  0.10412839  0.22746279  0.50009685
16 112  0.00638461  0.00692353  0.01066889  0.01786662  0.02923581  0.03755486  0.07280945  0.12489501  0.22529297  0.50997826
16 136  0.00714424  0.00681249  0.01069411  0.01805792  0.02922144  0.03988349  0.07680334  0.11422947  0.21826284  0.47795090
16 184  0.00549416  0.00332045  0.00611242  0.01148245  0.02301261  0.03641012  0.06258344  0.10443066  0.21058949  0.42827850
16 160  0.00910676  0.01098034  0.01396821  0.02036937  0.03296849  0.04136809  0.07662474  0.10542026  0.21407366  0.51710351
16 208  0.00590669  0.00324858  0.00543092  0.01181441  0.02179850  0.03581959  0.06674557  0.11781502  0.24683584  0.46349913
16 232  0.00627997  0.00344997  0.00549798  0.01176129  0.02275272  0.03515295  0.06016553  0.09435423  0.19468084  0.42272060
16 256  0.00670727  0.00345959  0.00566857  0.01144349  0.02229708  0.03384797  0.06406022  0.10141329  0.20893197  0.45113769
16 256  0.00684636  0.00343221  0.00585896  0.01135945  0.02202509  0.03604366  0.05814659  0.09808271  0.19935280  0.43602121
