 1  10  0.00209637  0.00248493  0.00577604  0.01103443  0.02442347  0.04395885  0.07936271  0.14454111  0.32498666  0.69316028
 1   4  0.00215050  0.00344045  0.00841451  0.02472801  0.03949519  0.06266115  0.12988641  0.31658314  0.67031820  1.43175102
 1  16  0.00241675  0.00273062  0.00417886  0.01029193  0.02135975  0.03583556  0.06701054  0.12518963  0.31009696  0.50911499
 1   1  0.00394605  0.00841315  0.01777358  0.03821756  0.08044389  0.16649470  0.34586044  0.72120572  1.53116330  3.26157596
 1  34  0.00560027  0.00462663  0.00557103  0.01533027  0.02491051  0.03885133  0.08246727  0.14245838  0.27925749  0.55456774
 1  40  0.00427954  0.00898330  0.00614517  0.01783568  0.02247198  0.03514162  0.08069806  0.14851372  0.27919357  0.55052907
 1  22  0.00240388  0.00224900  0.00706850  0.01285179  0.02609071  0.04068832  0.08450775  0.14575379  0.30240625  0.58453419
 1  28  0.00408140  0.00361187  0.00643702  0.01417951  0.02510733  0.04070301  0.08279062  0.14659666  0.29063758  0.60012358
 1  46  0.01341333  0.00638128  0.00761874  0.02042524  0.02994843  0.04343179  0.07477087  0.12227322  0.22721544  0.53538302
 1  58  0.01139558  0.01642618  0.00566695  0.01674694  0.02991906  0.04383214  0.07548537  0.12779774  0.26555311  0.54110127
 1  52  0.00734766  0.01070888  0.00808049  0.02149811  0.03224704  0.04343218  0.07971745  0.13001578  0.25859315  0.57940031
 1  64  0.02049893  0.00469743  0.00630876  0.02613835  0.02547375  0.03217662  0.06683671  0.12586361  0.26185542  0.58647997
 2  16  0.00257694  0.00286754  0.00471247  0.00976494  0.02059327  0.03466573  0.07870984  0.12948811  0.29861905  0.58623486
 2  10  0.00223565  0.00234277  0.00525378  0.01269067  0.02396152  0.04713627  0.09131742  0.17343828  0.38478326  0.71198522
 2   4  0.00240004  0.00361009  0.00872467  0.02909175  0.04144864  0.06701539  0.14171962  0.38113604  0.67129144  1.31198800
 2   2  0.00223698  0.00620930  0.01152812  0.02915397  0.04397182  0.09173158  0.20150471  0.39757764  1.02083096  2.58531220
 2  22  0.00253573  0.00242091  0.00371994  0.00944938  0.01859066  0.02977885  0.06024387  0.10035489  0.25187015  0.53626652
 2  34  0.00427360  0.00447213  0.00740263  0.01496757  0.02453294  0.03401259  0.06692732  0.12924417  0.25428299  0.48488822
 2  28  0.00384590  0.00309781  0.00535523  0.01316878  0.02723099  0.03520496  0.06152236  0.11203649  0.28445794  0.50594347
 2  46  0.00678370  0.00585419  0.00568951  0.01288475  0.02288477  0.03705015  0.07153966  0.09823401  0.22203039  0.50512642
 2  40  0.00560565  0.00431255  0.00491916  0.01243858  0.02490613  0.03219766  0.07070436  0.11488408  0.23400984  0.50843601
 2  58  0.00696158  0.00844969  0.00842131  0.01803217  0.02408386  0.04056583  0.06305100  0.11286717  0.24616376  0.57458228
 2  52  0.00802453  0.00665742  0.00628142  0.01862637  0.02567004  0.04249839  0.06473450  0.12336082  0.24629871  0.58161932
 2  64  0.00459338  0.00338884  0.00478300  0.01205080  0.02186215  0.03347898  0.06422915  0.10851175  0.21838796  0.48975647
 4  16  0.00247173  0.00287809  0.00481977  0.01084334  0.02138758  0.03862799  0.07525956  0.13047883  0.28886931  0.54965815
 4  10  0.00224522  0.00277405  0.00559520  0.01319037  0.02571675  0.04693617  0.09964522  0.17847949  0.37657834  0.70955692
 4   4  0.00214055  0.00344016  0.00841619  0.02686267  0.04376194  0.07520874  0.14320597  0.35999791  0.69054137  1.31535664
 4  22  0.00832592  0.00446837  0.00497905  0.01383034  0.02471313  0.04517640  0.08222141  0.13809680  0.27469417  0.49820383
 4  34  0.00848864  0.00979021  0.00553615  0.01335923  0.02525760  0.04258960  0.08103276  0.12396798  0.23972489  0.54248170
 4  40  0.01205516  0.00875609  0.00923648  0.01117689  0.02408588  0.03980629  0.07610799  0.12303923  0.25071496  0.54687516
 4  28  0.00521049  0.00641159  0.00582770  0.01299831  0.02345127  0.04194388  0.07984816  0.12681287  0.25712800  0.55737161
 4  52  0.01511225  0.01831492  0.02447457  0.02477973  0.03080554  0.04637733  0.09589407  0.16847800  0.32200005  0.56486460
 4  46  0.01037551  0.01410036  0.00707342  0.01682622  0.02536821  0.03510836  0.09048914  0.18100056  0.33820526  0.60200946
 4  64  0.01267518  0.01569790  0.01580446  0.02284284  0.03170294  0.04324053  0.09678958  0.17300156  0.33192532  0.60214581
 4  58  0.01808893  0.01688117  0.02199837  0.02155343  0.03163492  0.04714797  0.09046312  0.16664684  0.32962973  0.60796769
 6  20  0.00231688  0.00224032  0.00369076  0.00921471  0.01789642  0.02921518  0.05838623  0.10551292  0.22070030  0.46553423
 4  64  0.00619652  0.00620318  0.00876039  0.01494666  0.02734422  0.03574657  0.07070826  0.11703038  0.23572332  0.51517988
 6   8  0.00589045  0.00427105  0.00712557  0.02007139  0.03257153  0.05525566  0.11179522  0.21655881  0.47446195  0.73765706
 6  32  0.00281740  0.00235142  0.00382010  0.00985782  0.01876124  0.02946396  0.05655817  0.09554486  0.20109003  0.44115717
 6   6  0.00387025  0.00551603  0.00978887  0.02055056  0.04209062  0.06393246  0.12781627  0.23613721  0.46962981  0.89331815
 6  68  0.00431306  0.00455580  0.00581975  0.01277487  0.02184778  0.03361439  0.05996845  0.10553095  0.20993135  0.48196706
 6  92  0.00534156  0.00676338  0.00849465  0.01339813  0.02522265  0.03738211  0.06510307  0.11256101  0.21075717  0.45539917
 6  44  0.00359877  0.00283316  0.00440675  0.01083976  0.02002153  0.03175032  0.05898333  0.10435497  0.20411345  0.49727245
 6  80  0.02294915  0.01384111  0.01606347  0.01838989  0.02634818  0.04819250  0.08395616  0.11442280  0.24084049  0.52904549
 6  56  0.01618512  0.01872946  0.00960403  0.02119430  0.03070670  0.04092607  0.08983840  0.11918790  0.23647668  0.54015759
 6 116  0.00701331  0.00738760  0.01558822  0.01913630  0.03126275  0.05560124  0.08123243  0.12907783  0.27140629  0.48407160
 6 104  0.00622575  0.00722636  0.00893164  0.01466212  0.02727768  0.03704921  0.06541488  0.11863316  0.23909093  0.52491175
 8  20  0.00232077  0.00224058  0.00366421  0.00898999  0.01816802  0.02986760  0.06203388  0.10287137  0.22257827  0.45172427
 8  32  0.00287434  0.00227883  0.00391497  0.00978716  0.01872290  0.02847191  0.05619008  0.09745711  0.20567165  0.43256377
 8  44  0.00332628  0.00271008  0.00396147  0.01009883  0.02012378  0.03028191  0.05705404  0.09889009  0.20166146  0.44865551
 8  68  0.00478388  0.00354278  0.00549462  0.01263275  0.02309557  0.03492269  0.06278526  0.10817431  0.21417421  0.44466006
 8  56  0.00418927  0.00309061  0.00489350  0.01155541  0.02026227  0.03256563  0.05985714  0.10191895  0.20350086  0.47400001
 8  80  0.00524371  0.00514998  0.00620981  0.01416159  0.02425267  0.03632736  0.06877210  0.11942242  0.22117335  0.50571454
 8  92  0.00593290  0.00712665  0.00737485  0.01465700  0.02713302  0.03633399  0.06672475  0.11640265  0.22942188  0.46535659
 6 128  0.01066994  0.01124124  0.01188840  0.01833632  0.02778261  0.03920547  0.07677869  0.12177082  0.24824444  0.53257399
 8   8  0.00371958  0.00402604  0.00697561  0.01409523  0.03948012  0.06294002  0.10852560  0.19467646  0.42275915  0.73727943
 8 104  0.00650129  0.00669792  0.00973796  0.02051255  0.02661705  0.04026326  0.06516634  0.10991751  0.21309603  0.48889560
 8 116  0.00739426  0.00919981  0.01173089  0.01899681  0.02783436  0.05125159  0.07809618  0.11026171  0.20822798  0.53212529
 8 128  0.00880723  0.00915448  0.01442824  0.02099814  0.02715288  0.04953211  0.07073721  0.11714548  0.27160624  0.58375097
 8 128  0.00711068  0.00769370  0.01077646  0.01849217  0.02861553  0.03943835  0.07502995  0.12663581  0.24163779  0.50850998
10  10  0.00204294  0.00227559  0.00457311  0.01003499  0.02245517  0.04800012  0.07591572  0.13709581  0.30158496  0.64165692
10  30  0.00279722  0.00230754  0.00397345  0.00952658  0.01861471  0.02863887  0.05667057  0.09570427  0.20222309  0.45864621
10  12  0.00210122  0.00251438  0.00408262  0.00967682  0.02074940  0.04026796  0.07571740  0.12445321  0.30119690  0.56645310
10  48  0.00350820  0.00296933  0.00444470  0.01090909  0.01886509  0.02976601  0.06132483  0.09887433  0.21079267  0.47030948
10  66  0.00404589  0.00338610  0.00527584  0.01263058  0.02232443  0.03380034  0.05693525  0.10819662  0.21558368  0.46604542
10  84  0.00558560  0.00640014  0.00729086  0.01431162  0.02632501  0.03486735  0.07081891  0.11517393  0.20897730  0.49546281
10 102  0.00633253  0.00573985  0.00800215  0.01667297  0.02183680  0.03423630  0.06228291  0.10097747  0.21476683  0.45378739
10 120  0.00720288  0.00681083  0.00951549  0.01488681  0.02803427  0.03447529  0.06613726  0.10373402  0.22023165  0.49891163
10 138  0.00833296  0.00841078  0.01213261  0.01876235  0.02847370  0.04098925  0.07950078  0.13304578  0.25394876  0.55614774
10 156  0.00705644  0.00792609  0.01305861  0.01811982  0.02642974  0.04233838  0.07746879  0.13520575  0.23235346  0.53857985
10 192  0.00577295  0.00316129  0.00526622  0.01114179  0.02164775  0.03207939  0.05851154  0.09611937  0.20326545  0.43611556
10 174  0.00539439  0.00307506  0.00537292  0.01178020  0.02339714  0.03687292  0.06790802  0.10808181  0.20326386  0.42612460
12  30  0.00266793  0.00222607  0.00388389  0.00938420  0.01814784  0.02937983  0.05604561  0.09874771  0.20436991  0.43692012
12  12  0.00212791  0.00250829  0.00432716  0.00949593  0.02053523  0.03836352  0.07025053  0.12461140  0.29459435  0.59596043
12  48  0.00347096  0.00266541  0.00416056  0.01054731  0.01999688  0.03052009  0.05941740  0.09747770  0.20634281  0.43897115
12  66  0.00471826  0.00594598  0.00549883  0.01322334  0.02318921  0.03571435  0.06652343  0.11125816  0.21918831  0.45475540
12  84  0.00668531  0.00470831  0.00654278  0.01423302  0.02524684  0.03577334  0.06642404  0.10573060  0.21741546  0.48916242
12 102  0.00620720  0.00797593  0.01021183  0.01653799  0.02652632  0.03769327  0.07213867  0.12190108  0.20770451  0.49279435
12 120  0.00706372  0.00661753  0.01281070  0.01806834  0.02754053  0.04023797  0.07581957  0.12550879  0.21392973  0.49546461
12 138  0.00755098  0.01029341  0.01433362  0.02201308  0.02717341  0.04001187  0.07532060  0.12017459  0.24319899  0.53288547
12 156  0.01097239  0.01121111  0.01778380  0.02226454  0.02832073  0.04463585  0.08002733  0.13568773  0.23285699  0.52323192
12 174  0.00534964  0.00305234  0.00518985  0.01155615  0.01969626  0.03120168  0.05594489  0.09456446  0.19355917  0.42325373
12 192  0.00587927  0.00324730  0.00560699  0.01159156  0.02308680  0.03495879  0.05777377  0.10195232  0.20490698  0.43886739
12 192  0.00575548  0.00319366  0.00536614  0.01149425  0.02116773  0.03335011  0.05696796  0.10009227  0.20017961  0.41611818
16  16  0.00224865  0.00221789  0.00390411  0.00919332  0.01842128  0.03194811  0.06526926  0.11245180  0.25367355  0.49888092
16  40  0.00334634  0.00262080  0.00425385  0.01017969  0.01974147  0.02949706  0.06130684  0.10323764  0.20515929  0.44018297
16  64  0.00475002  0.00608153  0.00692107  0.01293487  0.02269445  0.03480883  0.06345110  0.11240891  0.21320507  0.48362465
16  88  0.00554321  0.00680268  0.00597013  0.01420002  0.02385319  0.03710245  0.07212203  0.11859437  0.22168726  0.51008397
16 112  0.00773419  0.01189550  0.00965548  0.01580902  0.02854520  0.03926248  0.07281553  0.12072423  0.23438129  0.51463263
16 136  0.00704547  0.00901578  0.00984104  0.01767482  0.02636575  0.03965976  0.08534539  0.11859604  0.22074805  0.52972169
16 160  0.00992222  0.01009326  0.01554071  0.02561676  0.02975978  0.04236794  0.08033531  0.13398847  0.26019717  0.52460268
16 184  0.00551658  0.00326815  0.00533134  0.01199711  0.02196151  0.03278818  0.06045499  0.10334789  0.20656901  0.41796593
16 208  0.00595508  0.00336060  0.00570983  0.01190717  0.02242421  0.03644046  0.06820158  0.10118615  0.20073920  0.42767525
16 232  0.00625876  0.00324807  0.00557550  0.01182956  0.02213712  0.03499838  0.06106795  0.09392273  0.19688728  0.43944335
16 256  0.00691340  0.00337875  0.00584721  0.01166906  0.02236881  0.03366715  0.05576507  0.10287603  0.21034925  0.43384719
16 256  0.00674940  0.00373707  0.00597014  0.01198819  0.02255427  0.03292988  0.06241029  0.09425936  0.20421696  0.42579746
