 1  10  0.02405659  0.04205534  0.08389075  0.13962709  0.33475971  0.67334803
 1   4  0.03974829  0.06302158  0.13055334  0.31721711  0.66019711  1.38479045
 1  16  0.02126738  0.03572804  0.06799995  0.12967168  0.31992843  0.53348955
 1   1  0.08052418  0.16654669  0.34569868  0.72662468  1.52096512  3.25246626
 1  28  0.02102287  0.03401261  0.06443052  0.10800108  0.23721188  0.50017672
 1  22  0.02210931  0.03416996  0.06943975  0.12278334  0.25986071  0.52959612
 1  34  0.01942729  0.02916550  0.05768490  0.09870283  0.20457161  0.43510606
 1  46  0.02818324  0.03672350  0.07650254  0.11275750  0.22474850  0.48223676
 1  52  0.02249103  0.03120064  0.08055425  0.12293549  0.24068185  0.50792409
 1  40  0.02913629  0.03777755  0.07731909  0.12730643  0.25223199  0.50774363
 1  58  0.02363188  0.03960610  0.06326776  0.11747471  0.21686665  0.50300973
 1  64  0.02612254  0.03628500  0.06552928  0.11433101  0.22454516  0.49936388
 2  10  0.03417469  0.05808482  0.08273774  0.14719693  0.40811080  0.65373632
 2  16  0.02084937  0.03726879  0.07322361  0.12697798  0.28756353  0.50210607
 2   4  0.06219140  0.09060207  0.14209924  0.36673892  0.70429573  1.34391423
 2  22  0.01850576  0.02929615  0.06013545  0.10220600  0.21901417  0.46414670
 2   2  0.04423536  0.09306080  0.19876961  0.47878199  1.02125996  2.64572727
 2  28  0.02260311  0.03733637  0.06628610  0.10187371  0.21404655  0.44002836
 2  34  0.01943648  0.02913567  0.05746065  0.09815299  0.20744130  0.44247698
 2  40  0.02848173  0.03729876  0.07558409  0.11749216  0.22383971  0.45370714
 2  46  0.02535133  0.03703799  0.07644019  0.11600212  0.23059813  0.51326661
 2  52  0.02231833  0.03314792  0.05930488  0.10365174  0.20913852  0.51381263
 2  58  0.03130524  0.03631200  0.08864368  0.11520850  0.22228687  0.50292516
 2  64  0.02420289  0.03692446  0.07060715  0.11230595  0.23237116  0.47248666
 4  22  0.02348750  0.03813153  0.07262762  0.12963818  0.27563432  0.57530261
 4  16  0.02530057  0.04274083  0.07668372  0.14457083  0.30833570  0.62918789
 4  10  0.02958107  0.04915871  0.09649514  0.18209807  0.41044317  0.74978202
 4   4  0.05029816  0.06943547  0.14466721  0.34863304  0.81822519  1.31496068
 4  46  0.03291733  0.03814485  0.06901943  0.13257511  0.25300211  0.52091322
 4  28  0.02819004  0.04621422  0.07156250  0.13812871  0.26183748  0.53283904
 4  40  0.03282986  0.04534844  0.07999387  0.13986381  0.26367567  0.53709849
 4  34  0.03188713  0.04421462  0.08152840  0.12954810  0.28256831  0.55782025
 4  58  0.04481821  0.03711224  0.08569420  0.13666796  0.24585126  0.54291886
 4  52  0.04215985  0.04058492  0.08168238  0.13313253  0.25982269  0.55293842
 4  64  0.04405903  0.05358483  0.07724975  0.13476443  0.25944714  0.56671362
 4  64  0.04307029  0.03766082  0.08393348  0.13625902  0.25795068  0.57976253
 6  32  0.01942342  0.02833604  0.05623695  0.09516057  0.19736321  0.43251299
 6  20  0.02130804  0.03360469  0.06647178  0.11350022  0.24445019  0.50704249
 6   8  0.03215603  0.05016289  0.09768510  0.19033560  0.41291492  0.76719699
 6   6  0.03201799  0.06336124  0.11645533  0.24371517  0.43347327  0.83283493
 6  44  0.02039001  0.02955594  0.06018091  0.10343486  0.19917660  0.44287024
 6  80  0.02576081  0.03656746  0.06816137  0.11315998  0.23040823  0.49963722
 6  56  0.03149856  0.03854007  0.07254001  0.12258790  0.24609335  0.53859450
 6  92  0.03123140  0.03850560  0.07614216  0.12010958  0.24705025  0.54572699
 6  68  0.02812963  0.03992261  0.07565670  0.12542353  0.24048153  0.55570751
 6 104  0.03096570  0.03831991  0.07379511  0.11224369  0.23300867  0.49030690
 6 128  0.04918029  0.04341917  0.08624415  0.13177701  0.25014358  0.54998500
 6 116  0.04655099  0.04497140  0.07994897  0.12759551  0.25124292  0.55359641
 8   8  0.04528093  0.05639033  0.10090921  0.18955500  0.36834594  0.76662429
 8  20  0.01859652  0.03067521  0.06136750  0.10433878  0.22804030  0.44855635
 8  56  0.02330924  0.03411415  0.06476172  0.10418921  0.21185255  0.47906350
 8  44  0.02148664  0.02894265  0.05787825  0.09844801  0.20234578  0.43491492
 8  32  0.01887767  0.02849219  0.05646852  0.10953549  0.24316955  0.47382118
 8  68  0.02290165  0.03800847  0.07798175  0.10570144  0.22960247  0.59477817
 8  92  0.02630768  0.03792241  0.07206300  0.11775489  0.20308577  0.42821830
 8  80  0.02454159  0.03487973  0.06900384  0.11311057  0.23050601  0.50918974
 8 116  0.03159454  0.03867660  0.08271749  0.14401823  0.24212255  0.53354652
 8 104  0.03244237  0.04252509  0.07358012  0.13606319  0.23937249  0.54750989
 8 128  0.02712213  0.04109206  0.07564567  0.12461256  0.21314769  0.52293498
 8 128  0.02938660  0.04211122  0.06977875  0.11781350  0.23113911  0.50711820
10  12  0.01964683  0.03677217  0.07205450  0.12316893  0.28329916  0.58474628
10  10  0.02341954  0.04849764  0.07963711  0.13942786  0.30940025  0.65628762
10  48  0.02058033  0.03004854  0.05905030  0.09956971  0.20658675  0.43806162
10  30  0.02091548  0.02894085  0.05827169  0.09947680  0.21703482  0.44599026
10  66  0.02376179  0.03388995  0.06682426  0.11162296  0.21090274  0.47558615
10 102  0.03265541  0.03825365  0.07452793  0.12483295  0.22146451  0.47753167
10 138  0.03184370  0.04170268  0.07423219  0.12412803  0.24693949  0.57488659
10  84  0.21473671  0.03815893  0.07271618  0.13229639  0.22919514  0.51241886
10 120  0.03140818  0.03910960  0.07556001  0.12212884  0.21848311  0.47895233
10 156  0.03392421  0.04400201  0.07875603  0.12708735  0.25641866  0.53688094
10 174  0.02719204  0.03209736  0.06063898  0.09938046  0.20556622  0.43436173
10 192  0.03026080  0.03379780  0.06803452  0.09687927  0.19653186  0.42830794
12  12  0.02094426  0.03867685  0.07103222  0.12262574  0.29392961  0.56390960
12  30  0.01889680  0.02906718  0.05992707  0.10193144  0.20082438  0.43111665
12  48  0.02108609  0.03114072  0.06185386  0.10350258  0.20304091  0.44452813
12  66  0.02392114  0.03372327  0.06727566  0.10843723  0.21141158  0.48886208
12 102  0.02817343  0.03783132  0.07453426  0.11976575  0.22538067  0.46279201
12  84  0.02717454  0.03611895  0.07199706  0.11511190  0.21520024  0.47542453
12 120  0.03112534  0.03627029  0.07753405  0.10728402  0.21841444  0.50477831
12 138  0.03815930  0.04224551  0.06839209  0.13046717  0.23256243  0.51575345
12 174  0.02695475  0.03489362  0.06008905  0.10319179  0.20304780  0.43247790
12 156  0.03924389  0.04227080  0.07776993  0.12751022  0.23338996  0.53814697
12 192  0.02511708  0.03078591  0.05898123  0.10443121  0.20605075  0.42836096
12 192  0.02941733  0.03748227  0.06570540  0.09966436  0.20072753  0.42420099
16  16  0.01873481  0.03390965  0.06416309  0.11609644  0.24814609  0.50560523
16  40  0.02023891  0.02844478  0.05909991  0.09935605  0.20458762  0.43680875
16  64  0.02417956  0.03208855  0.06615833  0.10287354  0.19740541  0.45197336
16  88  0.02664458  0.03666305  0.06828405  0.11361720  0.22927084  0.50797618
16 112  0.02859672  0.04062896  0.07356583  0.12838486  0.24244236  0.51623921
16 136  0.03129310  0.04102331  0.07747391  0.11461648  0.22344319  0.52241670
16 160  0.04578912  0.04430093  0.08020922  0.13771835  0.22552171  0.54122235
16 184  0.02505788  0.02916226  0.05575298  0.09582348  0.19706998  0.42631783
16 208  0.02612668  0.03433087  0.05987525  0.09725071  0.19892818  0.42046814
16 232  0.02552602  0.03021744  0.05628534  0.09508584  0.19617177  0.41605420
16 256  0.02681311  0.03206187  0.05618110  0.10072698  0.20702579  0.44268553
16 256  0.02678080  0.03327711  0.06417056  0.10199881  0.20379021  0.42837403
18  18  0.01854582  0.02960297  0.06174938  0.11017011  0.24160192  0.46088432
18  20  0.01884278  0.03061166  0.06030977  0.10460628  0.22948545  0.45499579
18  50  0.02123357  0.03325934  0.05794435  0.09980010  0.20579777  0.43592680
18  80  0.02585299  0.03723517  0.07238222  0.11005120  0.22281477  0.50543527
18 110  0.02941377  0.03990908  0.06779290  0.12753591  0.23139954  0.49044062
18 140  0.03209952  0.04170308  0.08066648  0.11859127  0.23001040  0.51348121
18 170  0.02680538  0.03715253  0.07487180  0.13277449  0.24264728  0.44357225
18 200  0.02613189  0.02997952  0.05655090  0.09461016  0.19726240  0.43222626
18 230  0.02878630  0.03833928  0.07519873  0.13814630  0.23804541  0.42079972
18 260  0.02592857  0.03264179  0.05811203  0.09668987  0.19104588  0.42263551
18 290  0.02760280  0.03050740  0.06017883  0.10239451  0.21341968  0.45837337
18 320  0.02840589  0.03036478  0.05730852  0.09733652  0.19667920  0.43139279
20  20  0.01845497  0.03019923  0.06218367  0.10349252  0.22913457  0.46914690
20  50  0.02059426  0.03083756  0.06213327  0.09947563  0.20162465  0.45386832
20  80  0.02585751  0.03609603  0.07278813  0.11850210  0.21655517  0.47068039
20 110  0.02868047  0.03872328  0.07705567  0.11218361  0.22772216  0.48792083
20 140  0.03060121  0.04151738  0.06539524  0.12889433  0.23515374  0.52042515
20 170  0.02645755  0.02880446  0.05608760  0.09383805  0.19363749  0.42872656
20 200  0.02599657  0.03264089  0.06040045  0.09628799  0.20351231  0.42513477
20 230  0.02584926  0.03003392  0.05695661  0.09653890  0.19375304  0.42137938
20 260  0.03124778  0.03730107  0.07512547  0.13995818  0.30222162  0.45147512
20 290  0.02850520  0.02770532  0.05419121  0.09376751  0.19256110  0.42539076
20 320  0.02734432  0.03277179  0.05961782  0.10342540  0.20727632  0.42548982
20 320  0.03272279  0.03547842  0.06322107  0.10313884  0.19863248  0.43197319
