 1  10  0.02454901  0.05097288  0.08178306  0.15221688  0.34972177  0.69821667
 1   4  0.03968236  0.06289474  0.13037007  0.31687784  0.66420589  1.39783328
 1  16  0.02068680  0.03597974  0.07106449  0.12342868  0.30195949  0.50482902
 1   1  0.08048322  0.16657316  0.34865918  0.73123890  1.54897604  3.17273142
 1  28  0.02178085  0.03949746  0.07126902  0.11743392  0.25047897  0.53627647
 1  22  0.01868121  0.03653470  0.07561384  0.12298085  0.28019754  0.60807787
 1  34  0.02504451  0.03293037  0.05884677  0.13993504  0.28176922  0.57983269
 1  46  0.02659240  0.04429635  0.08259073  0.12756371  0.24057144  0.53652773
 1  40  0.02451733  0.04211270  0.08275868  0.12608455  0.24804789  0.52921433
 1  52  0.02539809  0.04163810  0.08477743  0.13421362  0.25160819  0.55173676
 1  58  0.02946755  0.04154131  0.08397449  0.13082501  0.25043742  0.56226979
 1  64  0.02555439  0.03850582  0.06453037  0.11524672  0.22661721  0.46060709
 2  10  0.02739296  0.04803417  0.08880437  0.16234928  0.35787700  0.66842654
 2   4  0.05307419  0.07582962  0.16723584  0.38630731  0.81328990  1.32609714
 2  22  0.02026942  0.03462660  0.07655711  0.11905061  0.25053853  0.52895456
 2  16  0.02234163  0.04084979  0.07991826  0.14271712  0.29459016  0.55894875
 2   2  0.05147114  0.12289778  0.25935012  0.41057299  1.10792484  2.58761526
 2  28  0.01946968  0.03011914  0.08197229  0.14973106  0.21280228  0.43619503
 2  46  0.03199200  0.03830013  0.07217335  0.11112599  0.21740138  0.51592560
 2  52  0.02137588  0.03388817  0.07200793  0.12428891  0.24083889  0.54319049
 2  34  0.02665087  0.03660393  0.06782201  0.11983591  0.24249665  0.53740280
 2  40  0.02680909  0.03913236  0.06259100  0.12037973  0.24953069  0.54816286
 2  64  0.03095743  0.03517999  0.07340704  0.12348331  0.23824275  0.53846426
 2  58  0.02861530  0.04138323  0.08105089  0.12617738  0.26111412  0.58572709
 4  10  0.02769342  0.05180064  0.09138067  0.19232914  0.38030331  0.72532120
 4   4  0.03998135  0.07354821  0.15351808  0.42416420  0.85789594  1.31556807
 4  34  0.01987525  0.02924094  0.05775829  0.09463610  0.20307126  0.42828598
 4  28  0.02372287  0.03615703  0.07328317  0.11847240  0.25133184  0.54283924
 4  22  0.02203065  0.03891597  0.07432869  0.13272965  0.27847237  0.53829533
 4  16  0.02506916  0.04358179  0.08514962  0.15093888  0.31397455  0.64890112
 4  52  0.03269184  0.04859875  0.08539134  0.13323394  0.25124984  0.54030724
 4  40  0.03446785  0.04874779  0.08487415  0.13076712  0.25432103  0.54898001
 4  46  0.03752201  0.04579694  0.08457294  0.13303175  0.25014980  0.55908736
 4  58  0.04300638  0.04425294  0.08478684  0.13330116  0.25098694  0.55939837
 4  64  0.02442369  0.03468072  0.06676413  0.11143170  0.21217532  0.44654266
 4  64  0.02260516  0.03305913  0.06122308  0.11047614  0.20926331  0.50616280
 6   8  0.02595170  0.04847518  0.10010025  0.18520516  0.37985298  0.79225024
 6   6  0.03338507  0.05366114  0.11511000  0.22721182  0.43696581  0.94019007
 6  20  0.02075585  0.03408785  0.06340801  0.11051439  0.25703121  0.48721412
 6  44  0.02026567  0.03010098  0.05830430  0.10279768  0.20424328  0.46747096
 6  68  0.02339789  0.03424258  0.06564163  0.11080701  0.21458930  0.44857280
 6  92  0.02525106  0.03816615  0.07222155  0.11119759  0.22192405  0.46921490
 6  32  0.02863859  0.03556860  0.06023880  0.11499840  0.24662000  0.54272582
 6  80  0.03314319  0.03669359  0.06183755  0.12965349  0.24419414  0.52760507
 6  56  0.02876589  0.03428935  0.06261454  0.12065272  0.24250648  0.53898412
 6 104  0.02821694  0.03736028  0.07246192  0.12789009  0.22327806  0.51640418
 8  20  0.01829210  0.02983457  0.05966890  0.10181954  0.22310825  0.45485536
 8  32  0.01871759  0.02968293  0.05671091  0.09792817  0.19764085  0.43247110
 6 128  0.05195994  0.04902143  0.09035560  0.13000017  0.23226525  0.56526417
 6 116  0.04909580  0.04932516  0.09033199  0.13305172  0.24050238  0.55802432
 8  44  0.02036287  0.02972999  0.06055370  0.10229542  0.20015651  0.43450075
 8   8  0.02715973  0.05047121  0.09136246  0.18295965  0.37690916  0.78377716
 8  68  0.03296245  0.03902697  0.06958771  0.11512774  0.23171757  0.48662451
 8  56  0.03008926  0.03966975  0.07367504  0.11122560  0.23505256  0.49698475
 8  80  0.03028912  0.05018915  0.07593699  0.12453768  0.23960921  0.50654128
 8  92  0.03045777  0.04050854  0.08337448  0.13235708  0.23562469  0.49954772
 8 104  0.03606612  0.05189205  0.08008146  0.12828159  0.23942808  0.55365072
 8 116  0.04857727  0.04782961  0.07829946  0.13054408  0.24532108  0.54991465
 8 128  0.02851105  0.04457810  0.07613348  0.13152747  0.24583519  0.57992505
 8 128  0.04445042  0.03753024  0.08390439  0.12093450  0.26535941  0.56949103
10  12  0.02334359  0.04143816  0.07784131  0.14046411  0.31831016  0.60453216
10  10  0.02490868  0.04711463  0.08751338  0.16089311  0.35259035  0.64774540
10  66  0.03240170  0.03821871  0.07614004  0.11733674  0.23632860  0.54884257
10  30  0.02819435  0.03990393  0.07517911  0.12518628  0.23127450  0.49182358
10  48  0.02151673  0.03064837  0.05795044  0.12086997  0.21861979  0.47856134
10  84  0.02929295  0.03664732  0.06353091  0.10844858  0.21757815  0.51884685
10 138  0.02815266  0.04535883  0.08271232  0.13788486  0.26359207  0.57204208
10 156  0.03659950  0.04874626  0.09015511  0.14195656  0.26490396  0.61407155
10 120  0.03228915  0.04050994  0.07107601  0.12440586  0.24037576  0.53662083
10 102  0.03137137  0.04086303  0.07471999  0.12592447  0.23835113  0.52693990
10 174  0.02512926  0.03113431  0.05486421  0.09442938  0.21102276  0.44338674
10 192  0.02583857  0.03385840  0.05968566  0.10082232  0.20608577  0.46062209
12  30  0.01979277  0.02899643  0.05620230  0.10115280  0.20594796  0.45152087
12  12  0.02059144  0.03670038  0.07236591  0.12383962  0.28983103  0.55758258
12  66  0.02384678  0.03300971  0.05984997  0.10298259  0.20829117  0.45323961
12  48  0.02165184  0.03163016  0.05953642  0.09919852  0.21090734  0.41933139
12  84  0.02628742  0.03487316  0.06411372  0.11200861  0.20991802  0.48262751
12 102  0.02675465  0.03907385  0.06867299  0.11658969  0.22178264  0.46869942
12 120  0.03192842  0.03807548  0.07011028  0.11418448  0.23324935  0.48292985
12 138  0.03471159  0.04130076  0.07790275  0.13020390  0.24271982  0.51814582
12 156  0.03454535  0.04126964  0.07982622  0.12782458  0.23275421  0.55590923
12 174  0.02539745  0.03007595  0.05529194  0.09787569  0.19776673  0.41839408
12 192  0.02566743  0.02805811  0.05435367  0.09406892  0.19395037  0.42022070
12 192  0.02437447  0.02965511  0.05936615  0.10182052  0.20867778  0.42712904
16  16  0.01853238  0.03113640  0.06300912  0.10948476  0.25451205  0.49023657
16  40  0.02033049  0.03024699  0.05912905  0.09843653  0.20384440  0.43516703
16  64  0.02387525  0.03288360  0.06399345  0.10765229  0.20491454  0.47258065
16  88  0.02895556  0.03598044  0.06711539  0.11504136  0.23767833  0.50056409
16 112  0.02894708  0.03948437  0.06625614  0.10966845  0.21596499  0.50326365
16 136  0.03538069  0.04052254  0.07456221  0.11551097  0.24123931  0.49297200
16 160  0.04091180  0.04303932  0.07723714  0.12366482  0.23434983  0.51788443
16 184  0.02437099  0.03112591  0.05881720  0.10260772  0.21391971  0.44142450
16 208  0.02563351  0.03131876  0.05623952  0.09142386  0.19166043  0.42550781
16 232  0.02539152  0.03085865  0.05366202  0.09161179  0.19285396  0.40672320
16 256  0.02748934  0.03003087  0.05774909  0.09169535  0.18972684  0.41983069
16 256  0.02757445  0.03072142  0.05921900  0.10256042  0.19779557  0.40536922
18  18  0.01864052  0.03057486  0.06234495  0.10959160  0.23944569  0.46768887
18  20  0.01829215  0.02970317  0.06206921  0.10673528  0.23268308  0.45674897
18  50  0.02125117  0.03042347  0.06029529  0.10123208  0.20304254  0.47247050
18  80  0.02601614  0.03380439  0.06728058  0.10842275  0.21423237  0.45801341
18 110  0.02990591  0.04105299  0.07591019  0.12159640  0.22344402  0.49272260
18 170  0.02422894  0.02970268  0.05708713  0.09636125  0.20300423  0.43775166
18 200  0.02636772  0.03041456  0.05692241  0.09876294  0.20381525  0.43967001
18 140  0.03532872  0.04158180  0.07722601  0.12831970  0.24796822  0.51552502
18 230  0.02535360  0.02874335  0.05746651  0.09569467  0.19833187  0.41930270
18 260  0.02786827  0.03317352  0.06247564  0.09900637  0.20704419  0.43976487
18 290  0.03088195  0.03509721  0.06395242  0.10052566  0.19766806  0.43030330
18 320  0.02947420  0.03184171  0.06054975  0.09769584  0.20237954  0.40499868
20  20  0.01827530  0.02880908  0.05953681  0.10516792  0.22022332  0.45467068
20  50  0.02097285  0.03112540  0.05867512  0.10753628  0.20976656  0.45758253
20  80  0.02820938  0.03671531  0.07048891  0.11495404  0.20555486  0.49219992
20 110  0.03046374  0.03738573  0.06706576  0.11284721  0.24230679  0.51615040
20 140  0.03463812  0.03862080  0.07825857  0.12406976  0.23550236  0.52898556
20 170  0.02567306  0.03200000  0.05851797  0.09816682  0.19482789  0.43004701
20 230  0.02585776  0.02951570  0.05661833  0.09533865  0.19404828  0.42444895
20 200  0.02549271  0.03295987  0.06165356  0.10274688  0.19883959  0.42015323
20 260  0.02716102  0.03438004  0.06494561  0.09844724  0.19816144  0.42575747
20 290  0.02647357  0.03154829  0.05859851  0.09703438  0.19833682  0.42286661
20 320  0.02861760  0.03220307  0.05971428  0.10052364  0.20625441  0.43980715
20 320  0.02848909  0.03218182  0.05981827  0.09477906  0.20170811  0.42765568
