 1   8  0.03191262  0.04854055  0.08920150  0.18515623  0.39230797  0.75552563
 1   4  0.03965784  0.06317730  0.14563880  0.28791001  0.65972033  1.34459124
 1   2  0.04237950  0.08778560  0.19272166  0.37866804  1.01824050  2.59801500
 1   1  0.08053575  0.16659822  0.34592528  0.72059770  1.52266315  3.24273067
 1  16  0.01877991  0.03215679  0.06363915  0.12502430  0.28865621  0.55632946
 1  32  0.02074107  0.03561143  0.05843657  0.09892501  0.22085993  0.53054115
 2   4  0.04175844  0.07257743  0.13850030  0.39719171  0.65066603  1.34649584
 2  16  0.02203329  0.03540650  0.07347525  0.12851369  0.26971707  0.53394900
 2   2  0.04952178  0.11000583  0.21890679  0.42383886  1.04854594  2.59291434
 2   8  0.03100987  0.05804095  0.09966509  0.20010194  0.40691323  0.75332717
 2  32  0.02358836  0.03562338  0.06012620  0.10539586  0.21989315  0.43331838
 2  64  0.02577707  0.03445341  0.06523240  0.10934626  0.22998953  0.48726371
 4  16  0.02158006  0.03701894  0.07707131  0.14682845  0.29928121  0.57380680
 4   8  0.03572961  0.05858117  0.12078768  0.22077293  0.40595055  0.71701077
 4   4  0.03840290  0.07522539  0.16441161  0.36047877  0.85088348  1.31146664
 4  64  0.05231179  0.04727194  0.08969885  0.15173664  0.25516254  0.55014418
 4 128  0.05548279  0.04273963  0.08474368  0.14631771  0.23805166  0.54447923
 4  32  0.03515412  0.04897407  0.09159873  0.14073558  0.24280332  0.55092162
 6   6  0.05127340  0.07617166  0.12816425  0.25369146  0.48327906  0.81543438
 6  12  0.02054127  0.03787063  0.07525155  0.12128891  0.28402101  0.62285535
 6  24  0.01990501  0.02976358  0.05877159  0.10447528  0.21629295  0.45447407
 6  48  0.03623769  0.04318583  0.07897012  0.11423500  0.22996051  0.50679592
 6  96  0.03956027  0.04353937  0.07596229  0.11950929  0.22472319  0.49672437
 6 192  0.02546736  0.03183951  0.06023701  0.12845631  0.19421834  0.41697154
 8   8  0.03038479  0.04892335  0.08778564  0.17542704  0.39861108  0.76472585
 8  32  0.02050955  0.03171325  0.06054439  0.10278734  0.24075500  0.43491441
 8  16  0.01878876  0.03078806  0.06605230  0.11327061  0.25793030  0.48083960
 8  64  0.02288473  0.03224655  0.06611672  0.10907162  0.22168150  0.48455019
10  10  0.02179230  0.04849370  0.07581327  0.13575273  0.30723769  0.65152185
 8 256  0.04046406  0.04232973  0.07920183  0.13287144  0.26413415  0.55383379
 8 128  0.03808637  0.04078800  0.07859399  0.13718942  0.26408609  0.57947452
10  20  0.02009012  0.03353725  0.06490019  0.11591373  0.24705799  0.48483597
10  40  0.02056134  0.02975573  0.05838012  0.09931861  0.19879066  0.42562057
10  80  0.03192392  0.03728746  0.07451344  0.12426795  0.23448053  0.46229049
10 160  0.03395145  0.04121613  0.07783617  0.12785830  0.24489973  0.51718319
10 320  0.03592792  0.05489089  0.07088262  0.12773307  0.20093417  0.43225315
12  12  0.02005524  0.04033269  0.06883056  0.12517314  0.28253493  0.55723360
12  24  0.01860636  0.02918914  0.05714478  0.09867757  0.20700048  0.44932288
12  48  0.02128946  0.03041633  0.05966721  0.10142374  0.19559488  0.43025690
12  96  0.02693528  0.03942124  0.07512733  0.11951095  0.24363807  0.49743419
12 192  0.02582678  0.03135425  0.05701919  0.09812707  0.19925299  0.42514899
12 384  0.03049693  0.03358385  0.06325450  0.10720897  0.21045492  0.44737956
16  32  0.01889807  0.02880209  0.05642779  0.09530395  0.19854892  0.42160962
16  16  0.01856965  0.03196149  0.06428051  0.11209821  0.25194657  0.49121293
16  64  0.02391869  0.03373065  0.06505205  0.10715921  0.21007993  0.42847806
16 128  0.03445959  0.03920498  0.07428595  0.12329769  0.25923880  0.51780353
16 512  0.03296311  0.03438613  0.06643771  0.11213741  0.22761508  0.45550992
16 256  0.02685972  0.03167184  0.05590508  0.09204501  0.19082344  0.42163930
18  36  0.01954345  0.02924480  0.05689148  0.09770693  0.20666728  0.44455128
18  18  0.01837847  0.02975558  0.06253220  0.10669668  0.23692125  0.47927342
18  72  0.02482852  0.03501698  0.06463138  0.11321960  0.22572662  0.49968993
18 288  0.02745749  0.03081984  0.06003014  0.10082679  0.19799183  0.43555215
18 144  0.04052300  0.04311289  0.07958010  0.12878565  0.25185208  0.51753758
18 576  0.03280049  0.03345996  0.05422537  0.09126510  0.19455202  0.43271245
20  20  0.01849826  0.03033748  0.06010426  0.10932504  0.23096423  0.45949240
20  40  0.01992134  0.02899783  0.05670276  0.09317070  0.20481307  0.45584448
20  80  0.02619220  0.03332026  0.06394599  0.10385723  0.21500105  0.42991401
20 160  0.03792031  0.04222434  0.07265375  0.12144729  0.22914069  0.51305013
20 320  0.02893641  0.03098918  0.05676235  0.09874714  0.20293654  0.43293457
20 640  0.03575193  0.03237722  0.05768698  0.09393203  0.19369508  0.43366974
14  14  0.01909135  0.03139556  0.06423909  0.11538993  0.26418498  0.52468484
14  56  0.02181242  0.03194027  0.06043306  0.10159593  0.20586621  0.46396293
14  28  0.01927728  0.03007223  0.05686904  0.09679818  0.20699855  0.44061207
14 112  0.03192758  0.03998902  0.07726300  0.12042190  0.24192049  0.48844339
14 224  0.02994110  0.03102615  0.05955977  0.10309630  0.19528354  0.41796767
14 448  0.03326526  0.03811773  0.06307182  0.10129903  0.20205931  0.42841382
