 1  10  0.00200223  0.00226901  0.00455920  0.01012589  0.02152158  0.04746517  0.07540301  0.13526893  0.30781196  0.66238572
 1   4  0.00213706  0.00343490  0.00840868  0.02483538  0.03960271  0.06301032  0.13812558  0.31611638  0.65129368  1.30601275
 1  16  0.00235275  0.00229897  0.00406071  0.00981836  0.01880668  0.03465310  0.06747531  0.11386965  0.27845431  0.48926986
 1  28  0.00264172  0.00231287  0.00384742  0.00952063  0.01828333  0.02852393  0.05817408  0.09680187  0.21137680  0.45982206
 1   1  0.00395265  0.00842151  0.01777871  0.03822446  0.08047883  0.16675230  0.34618894  0.72617748  1.52793854  3.20138407
 1  22  0.00241299  0.00232380  0.00368863  0.00903111  0.01989687  0.03366266  0.06088521  0.11305160  0.24646997  0.55094957
 1  34  0.00297337  0.00306133  0.00513941  0.01284630  0.02224603  0.03205573  0.06138307  0.12802601  0.23560817  0.52925790
 1  40  0.00304290  0.00255007  0.00401577  0.00981804  0.01963820  0.02907606  0.05625884  0.09801264  0.20592501  0.44612125
 1  46  0.00354284  0.00290427  0.00422640  0.01046572  0.01921639  0.02988604  0.05748027  0.09944478  0.20246270  0.43017518
 1  58  0.00798101  0.00680362  0.00623056  0.01399734  0.02523940  0.03791874  0.07064972  0.10148835  0.20772670  0.49527140
 1  52  0.00615703  0.00941683  0.00653191  0.01413075  0.02624259  0.03343236  0.07115271  0.11427968  0.25143890  0.52942678
 1  64  0.00582176  0.00719596  0.00651373  0.01333309  0.02454814  0.03800845  0.05954786  0.10243118  0.23383394  0.53815619
 2  10  0.00202131  0.00242849  0.00512434  0.01142754  0.02554836  0.04634622  0.08894720  0.17363809  0.36783365  0.67193780
 2   2  0.00219018  0.00595040  0.01106261  0.02801583  0.04254236  0.08757723  0.29240124  0.38655994  0.96846025  2.59968060
 2  16  0.00236486  0.00242409  0.00406665  0.01017967  0.02198398  0.03795696  0.07139445  0.12715098  0.27791751  0.54992262
 2   4  0.00215428  0.00343675  0.00847075  0.02497237  0.04025372  0.06484349  0.13366074  0.32043535  0.70285424  1.34209634
 2  40  0.00542152  0.01519962  0.00617463  0.01322852  0.02366623  0.03696157  0.06376200  0.11741740  0.24766141  0.53853073
 2  34  0.00535314  0.00292738  0.00806126  0.01867997  0.02385134  0.03093348  0.07224489  0.12257842  0.26583444  0.52979506
 2  28  0.00340478  0.00293044  0.00440700  0.01464341  0.02643430  0.03468036  0.06828490  0.12357079  0.26394751  0.58694501
 2  22  0.00321801  0.00295910  0.00454046  0.01327531  0.02715297  0.04207191  0.06576413  0.13343353  0.28634503  0.60186188
 2  46  0.00335667  0.00270916  0.00444224  0.01102306  0.02051069  0.03110109  0.05967375  0.10227791  0.19969728  0.47515355
 2  64  0.00451144  0.00366682  0.00503100  0.01228466  0.02331305  0.03920306  0.07691507  0.13338869  0.19875409  0.44769645
 2  58  0.00505017  0.00904980  0.00861945  0.01428897  0.02546512  0.03763068  0.06617953  0.10970706  0.20324896  0.44007508
 2  52  0.01079678  0.00460082  0.00821574  0.01564720  0.02453386  0.03503853  0.06998926  0.10372571  0.21699479  0.50713331
 4   4  0.00349279  0.00506136  0.01566227  0.02212041  0.04298914  0.06807302  0.14409903  0.32599108  0.64768959  1.33360236
 4  10  0.00204919  0.00239260  0.00506567  0.01037258  0.02501632  0.04806763  0.08201219  0.14270902  0.35791844  0.68175150
 4  16  0.00255371  0.00271938  0.00443173  0.01107246  0.02269706  0.03678731  0.06526563  0.11437017  0.28779372  0.50303824
 4  40  0.00692814  0.00787919  0.00654622  0.01276462  0.02304498  0.03630981  0.07004276  0.11698593  0.22475307  0.50409051
 4  34  0.00828552  0.00579230  0.00631787  0.01284633  0.02301572  0.03551975  0.07280468  0.12511785  0.25046191  0.55382451
 4  22  0.00752300  0.00483625  0.00561730  0.01245040  0.02366299  0.03965065  0.07537550  0.13290276  0.26827763  0.56911497
 4  28  0.00573191  0.00477503  0.00829675  0.01326270  0.02381355  0.03724299  0.07737132  0.13215154  0.27316528  0.58961244
 4  52  0.01129086  0.01282340  0.01637884  0.02257747  0.02985417  0.04229404  0.08092144  0.13446986  0.25745015  0.54078513
 4  64  0.01515425  0.01246942  0.01547881  0.01820191  0.02852438  0.04198669  0.08005081  0.13284440  0.25795397  0.54755491
 4  64  0.01944299  0.01649095  0.00819586  0.01852544  0.02986052  0.04140025  0.08589111  0.13276010  0.25717442  0.58737342
 4  46  0.01242374  0.01134128  0.01308365  0.02294625  0.03033570  0.04185716  0.07959257  0.12833764  0.26133327  0.58814348
 6   6  0.00189321  0.00255260  0.00620379  0.01311564  0.03247559  0.05809676  0.11033165  0.22896282  0.41465965  0.81668080
 4  58  0.00393409  0.00379119  0.00535801  0.01322155  0.02223769  0.03490560  0.06218669  0.10852356  0.21442708  0.47101449
 6   8  0.00273836  0.00396923  0.00847324  0.01203254  0.02591435  0.06557545  0.11331101  0.17762403  0.40683344  0.75052745
 6  20  0.00568467  0.00536553  0.00602878  0.02049948  0.02144291  0.04293207  0.06566599  0.11013725  0.25281871  0.47673858
 6  32  0.00287133  0.00237925  0.00398258  0.00960738  0.01822837  0.02893545  0.05726856  0.09418672  0.19980627  0.44678333
 6  56  0.00410583  0.00319332  0.00475921  0.01120068  0.02083037  0.03308450  0.06103629  0.10551518  0.20517680  0.47031619
 6  92  0.00583569  0.00677744  0.00796647  0.01484153  0.02615406  0.03774497  0.06286977  0.10961396  0.21826698  0.43401819
 6  44  0.00734043  0.00925117  0.01045947  0.01999111  0.02993542  0.03685985  0.06786922  0.11508335  0.22626500  0.54804769
 6  68  0.00877181  0.01006720  0.01410005  0.01810043  0.02855729  0.03841773  0.07473302  0.13213598  0.24870649  0.51790466
 6  80  0.01204681  0.00864248  0.01849548  0.01448869  0.02754301  0.03843096  0.07838307  0.11707402  0.22554102  0.55725131
 6 104  0.00586457  0.00883361  0.00888030  0.01606249  0.02769008  0.03833809  0.07233991  0.12061538  0.22474565  0.47335931
 8   8  0.00194000  0.00257193  0.00536911  0.01110322  0.02851545  0.04879392  0.08733920  0.17551327  0.38700128  0.69663566
 6 128  0.01458432  0.01802442  0.01785373  0.01804237  0.03474400  0.04986723  0.08686207  0.12700146  0.26582853  0.57145324
 6 116  0.01117438  0.01563087  0.02486607  0.02345972  0.03632310  0.04465439  0.08850473  0.12854878  0.26404889  0.58002241
 8  20  0.00732705  0.00336863  0.01075290  0.01362301  0.02459221  0.04315490  0.08651667  0.13604358  0.29133355  0.60811065
 8  32  0.00284411  0.00230600  0.00380823  0.00943625  0.01830064  0.02876956  0.05689738  0.09627524  0.20694572  0.44231928
 8  44  0.00338440  0.00288027  0.00434462  0.01087390  0.02108326  0.03079885  0.05886382  0.10344697  0.20267967  0.44487118
 8  56  0.00403875  0.00312573  0.00489802  0.01143367  0.02097801  0.03163018  0.05771123  0.10373850  0.20147357  0.46695523
 8  68  0.00451453  0.00327102  0.00512153  0.01314212  0.02244351  0.03436838  0.05779584  0.12332977  0.24032265  0.48232671
 8  80  0.00527149  0.00632633  0.00726017  0.01465813  0.03507967  0.04324655  0.06419385  0.10874400  0.21056065  0.45847237
 8 104  0.00778470  0.00917204  0.01353915  0.01694511  0.02763268  0.04033636  0.06529257  0.11084927  0.22065470  0.45678298
 8  92  0.00723076  0.00705742  0.00806008  0.01519633  0.02640993  0.03735533  0.07000259  0.11714628  0.22107232  0.49715336
 8 128  0.01390057  0.01602738  0.01746030  0.02054437  0.02797914  0.05006146  0.07880868  0.13059030  0.25084472  0.54644010
 8 116  0.01098091  0.01372759  0.01818717  0.02149116  0.03051137  0.04481210  0.07602159  0.12717908  0.24603555  0.53633033
 8 128  0.00727937  0.00755122  0.01080034  0.01996895  0.02849155  0.04056077  0.07435871  0.12130018  0.22857064  0.50777109
10  10  0.00201834  0.00263791  0.00483613  0.01094907  0.02180738  0.04791391  0.07436493  0.13575519  0.34470937  0.60914947
10  30  0.00275016  0.00236164  0.00404938  0.00969842  0.01844612  0.02911344  0.05920334  0.09744283  0.20370525  0.43696159
10  12  0.00209784  0.00248433  0.00413524  0.00953272  0.01908785  0.03625081  0.07367113  0.12349998  0.28585071  0.57078429
10  66  0.00489686  0.00471381  0.00508636  0.01243089  0.02340503  0.03283922  0.06287174  0.10597838  0.20703669  0.47514291
10 120  0.00726530  0.00938998  0.00953422  0.01471386  0.02613527  0.04157602  0.06383907  0.11515666  0.23159628  0.50908312
10 102  0.00597125  0.00839970  0.00929128  0.01774495  0.02434527  0.03763253  0.06514678  0.11461506  0.21430963  0.49560087
10  48  0.00356557  0.00303461  0.00463962  0.01104596  0.02138023  0.03036250  0.05804289  0.10716991  0.20628419  0.46638156
10  84  0.00596846  0.00681106  0.00960494  0.01394959  0.02442368  0.03662256  0.06385348  0.10672675  0.20210344  0.48061583
10 174  0.00565095  0.00323694  0.00582997  0.01068402  0.01942891  0.03165927  0.05902494  0.09940084  0.20038458  0.42474221
10 138  0.00817646  0.00861468  0.00951897  0.02046620  0.02906804  0.04094166  0.06941861  0.13066697  0.23306452  0.52352622
10 156  0.00794409  0.01108124  0.01365206  0.02318182  0.03011297  0.03796438  0.07119571  0.11827600  0.23385362  0.52789776
10 192  0.00562096  0.00315050  0.00525770  0.01125940  0.02237776  0.03402053  0.05765944  0.09580475  0.19618764  0.43166028
12  12  0.00208114  0.00245328  0.00419236  0.00916926  0.02026919  0.03715749  0.07292717  0.12427363  0.30041488  0.58008153
12  30  0.00277981  0.00241493  0.00392316  0.00962273  0.01823726  0.02928469  0.05572607  0.09795517  0.20805161  0.43497435
12  48  0.00381291  0.00296506  0.00429640  0.01054447  0.01997722  0.03130907  0.05884075  0.10063811  0.20250271  0.43472567
12  66  0.00433373  0.00371449  0.00512036  0.01236689  0.02289641  0.03291843  0.06097526  0.10888961  0.21181475  0.44807571
12  84  0.00529530  0.00698548  0.00603109  0.01441076  0.02524463  0.03838811  0.07263744  0.11991413  0.21758416  0.46963816
12 102  0.00638208  0.00858120  0.00907242  0.01412087  0.02738702  0.03842065  0.07543546  0.11600303  0.21887696  0.43759643
12 120  0.00640123  0.01055595  0.00936405  0.01645847  0.02598102  0.04017837  0.07706513  0.11516513  0.23406478  0.49071226
12 138  0.00929753  0.01089544  0.01381127  0.02366395  0.02840173  0.04161687  0.07753167  0.12908436  0.24505342  0.53098209
12 156  0.00767792  0.00743530  0.01049904  0.02156209  0.03330984  0.04288892  0.07304787  0.12062789  0.23146293  0.54109971
12 174  0.00518340  0.00328821  0.00540191  0.01239529  0.02311511  0.03874985  0.07812533  0.10723197  0.21632829  0.44612961
12 192  0.00563769  0.00337154  0.00498321  0.01094250  0.02087444  0.03301997  0.06014943  0.09473162  0.19479063  0.42678034
12 192  0.00570635  0.00317507  0.00532923  0.01173808  0.02072639  0.03297711  0.06217135  0.10891275  0.22447356  0.43192882
16  16  0.00221895  0.00222111  0.00392821  0.00933433  0.01887740  0.03115505  0.06381385  0.11236469  0.24977760  0.50043266
16  40  0.00307908  0.00273908  0.00417716  0.01012933  0.01925187  0.03012832  0.05699828  0.09966373  0.19723113  0.43756188
16  64  0.00425292  0.00347968  0.00512260  0.01265052  0.02259165  0.03259544  0.06172474  0.10122624  0.20903213  0.45538091
16  88  0.00628943  0.00945127  0.00761155  0.01464619  0.02480505  0.03679108  0.07224896  0.12206373  0.23564525  0.51612505
16 112  0.00689280  0.00780180  0.01074921  0.01564632  0.02781420  0.03916595  0.07629678  0.12177238  0.20777640  0.46158642
16 136  0.00703622  0.00649771  0.01104468  0.01700019  0.03007954  0.04115133  0.07160655  0.12024450  0.21933755  0.49242966
16 160  0.00852103  0.00711762  0.01938508  0.02196903  0.03110569  0.04392972  0.07893708  0.12195421  0.23154498  0.53563818
16 184  0.00576007  0.00312355  0.00520509  0.01085950  0.01923724  0.03030347  0.06407823  0.10982629  0.19845705  0.42707708
16 208  0.00597629  0.00326084  0.00557383  0.01215797  0.02271077  0.03378929  0.05442324  0.09225943  0.19054159  0.42531206
16 232  0.00629610  0.00348052  0.00553370  0.01241806  0.02244915  0.03503533  0.05853946  0.09775410  0.20165080  0.44106150
16 256  0.00665502  0.00367824  0.00548853  0.01169387  0.02242408  0.03586166  0.06005223  0.09590896  0.19576953  0.42877438
16 256  0.00670009  0.00342615  0.00545140  0.01132447  0.02252531  0.03637791  0.05632620  0.09506897  0.20218038  0.43457481
