 1  10  0.02416553  0.04685120  0.07930677  0.15055510  0.32757809  0.73417349
 1   4  0.03954976  0.06261614  0.13734814  0.31776993  0.57049991  1.39031099
 1  16  0.01996548  0.03381609  0.07003577  0.13237106  0.32124290  0.50604019
 1   1  0.08088401  0.16778425  0.34882693  0.76576528  1.60110556  3.14640667
 1  34  0.02682101  0.04341068  0.08265002  0.12598559  0.28358637  0.56012547
 1  40  0.02780954  0.04222007  0.08220323  0.12640886  0.26594148  0.57027887
 1  28  0.02644602  0.04750386  0.08299478  0.12614251  0.25846393  0.57830529
 1  22  0.02457054  0.04299250  0.08277210  0.13355169  0.28669489  0.59846254
 1  64  0.04420894  0.03810686  0.08915142  0.12765815  0.25138738  0.55762529
 1  52  0.03329889  0.04650720  0.08895217  0.12904513  0.24691819  0.56654824
 1  58  0.03616621  0.04296451  0.08026681  0.13584976  0.25683668  0.55564193
 1  46  0.03498820  0.04199846  0.08354955  0.13125425  0.25713221  0.56714791
 2  16  0.01920786  0.03535323  0.06944441  0.11784345  0.26152562  0.53572914
 2  10  0.02183127  0.04822294  0.07582694  0.13915156  0.30940619  0.62285814
 2   4  0.03984316  0.07036129  0.14481926  0.27958447  0.67154434  1.30697751
 2  22  0.01842244  0.02968602  0.05950964  0.10420117  0.22286340  0.51666963
 2   2  0.04341791  0.09610176  0.20231957  0.40399786  1.02840497  2.57531929
 2  28  0.02018573  0.03737027  0.07311795  0.12546471  0.22304996  0.47707596
 2  34  0.03517951  0.04081387  0.08536935  0.09770658  0.22426803  0.49619552
 2  40  0.02360160  0.03847000  0.08525234  0.12987435  0.25223167  0.54476289
 2  52  0.03358595  0.04061535  0.08077054  0.12658805  0.24744374  0.56657743
 2  58  0.03125159  0.04263239  0.08565747  0.12227932  0.24213473  0.57103445
 2  46  0.02837026  0.04543377  0.08090825  0.13347168  0.23092617  0.57520479
 2  64  0.02267864  0.03404660  0.06525471  0.10561414  0.21739749  0.49479771
 4  16  0.01899769  0.03065698  0.06326058  0.10856194  0.25332645  0.49411922
 4  10  0.02571949  0.04776399  0.08117740  0.15844672  0.39613133  0.64794578
 4   4  0.05023759  0.07641449  0.16160934  0.33836988  0.72699723  1.33671029
 4  28  0.01913851  0.02902384  0.05845583  0.09595433  0.21311217  0.44576010
 4  40  0.02453284  0.03619215  0.06637413  0.10964764  0.25023450  0.50491492
 4  34  0.02564485  0.03832339  0.07513158  0.12103382  0.26915919  0.57019162
 4  22  0.01943067  0.03232007  0.07374034  0.13503809  0.28403330  0.58296143
 4  64  0.03615363  0.04185312  0.07375076  0.12296996  0.24622774  0.55006486
 4  58  0.03219085  0.04121718  0.06718517  0.11927534  0.24290030  0.55263028
 4  46  0.03395560  0.03954098  0.07302675  0.12721814  0.25030448  0.55246533
 4  52  0.02116569  0.03298182  0.07668810  0.12423154  0.25202535  0.55430439
 4  64  0.02418134  0.03645544  0.06893781  0.10222695  0.22622270  0.45452441
 6  20  0.01881896  0.03018495  0.06354327  0.10700245  0.22173821  0.46472703
 6   8  0.04174307  0.05971811  0.09570488  0.19451569  0.38708394  0.73879945
 6   6  0.04303952  0.06336594  0.12610167  0.24909003  0.46111549  0.95344950
 6  44  0.02541985  0.03564458  0.06606914  0.10631404  0.21536744  0.46025117
 6  32  0.01934147  0.02848482  0.05679633  0.09775123  0.20428869  0.44483702
 6  56  0.02389294  0.04511991  0.08117080  0.12198947  0.20623367  0.42924029
 6  68  0.02513466  0.03423376  0.06124160  0.10762414  0.21489592  0.49950399
 6  80  0.02626706  0.04130819  0.06414880  0.12698718  0.24310126  0.50784975
 6 104  0.03389649  0.03796266  0.06584482  0.14178149  0.25445676  0.53485207
 6  92  0.02736165  0.03293599  0.06160109  0.09906051  0.20607248  0.44875815
 6 128  0.03615938  0.04003761  0.07536024  0.12271600  0.24511175  0.52335715
 6 116  0.02655328  0.03870069  0.07425383  0.12650751  0.22877541  0.48690087
 8  20  0.01841716  0.03150366  0.07128056  0.12632543  0.23178679  0.45860286
 8   8  0.04059850  0.04517620  0.12886028  0.20436872  0.38067613  0.69354536
 8  32  0.01910673  0.02888438  0.05740982  0.09632462  0.20452479  0.43898904
 8  68  0.03665853  0.03930521  0.07313313  0.12424899  0.22152806  0.49404986
 8  56  0.02916508  0.04034653  0.07638930  0.12083347  0.23220703  0.48899772
 8  44  0.02131629  0.03008975  0.05888216  0.11921172  0.19797489  0.49567290
 8  80  0.02528495  0.03465606  0.08027253  0.12272920  0.24130632  0.47506746
 8  92  0.03742252  0.04263669  0.07250467  0.12508695  0.22929345  0.51654341
 8 104  0.04008433  0.04148079  0.07175354  0.12349148  0.23170264  0.53525618
 8 116  0.03017184  0.03832007  0.10643397  0.12986707  0.25091414  0.56703782
 8 128  0.04738121  0.04775642  0.07270060  0.13277211  0.28998632  0.51327070
10  10  0.02180359  0.04743350  0.07538243  0.13583940  0.31245373  0.65058632
 8 128  0.03051746  0.03990031  0.07781309  0.11724513  0.22696278  0.47991141
10  12  0.02057193  0.03764440  0.06837834  0.12378727  0.27846686  0.56232846
10  66  0.02635850  0.03261737  0.06050937  0.10088348  0.21031942  0.45463091
10  30  0.01935486  0.03394996  0.06618665  0.11435815  0.24703999  0.51106782
10  48  0.02822800  0.03502089  0.06170444  0.12553188  0.23811725  0.54144856
10  84  0.02582553  0.03803419  0.06934252  0.11955770  0.22276963  0.49196042
10 102  0.02600315  0.03495991  0.06647895  0.11774850  0.21713194  0.43855262
10 138  0.03877476  0.04401202  0.08652062  0.14183953  0.24273214  0.57332401
10 120  0.03879948  0.04139084  0.09552012  0.12221066  0.24973860  0.56965077
10 156  0.04524535  0.04075976  0.07885681  0.13430254  0.23255831  0.56106946
10 174  0.02412429  0.03019195  0.05851934  0.10225068  0.20443952  0.43658687
10 192  0.02691969  0.03531780  0.06070784  0.09504554  0.19318252  0.42845996
12  12  0.01997371  0.03783197  0.07031920  0.12339187  0.29247731  0.55788327
12  30  0.01886373  0.02862682  0.05636061  0.09372497  0.20821742  0.43504209
12  48  0.02174727  0.03116596  0.05956876  0.10016537  0.20770979  0.44144782
12  66  0.02330078  0.03457765  0.06398567  0.10949427  0.21539961  0.48275984
12  84  0.02617716  0.03536505  0.07035747  0.10679690  0.21738023  0.48914912
12 120  0.03501590  0.03781205  0.07265392  0.11339530  0.22957015  0.52500766
12 102  0.03104039  0.03868161  0.06261462  0.11677430  0.21953437  0.47762906
12 138  0.03848133  0.04278084  0.07167800  0.11451589  0.23381538  0.53931797
12 156  0.03430576  0.04066699  0.07587523  0.13426529  0.25138249  0.51846700
12 174  0.02484594  0.03068914  0.05770956  0.09442710  0.19066745  0.40695556
12 192  0.02501148  0.03102626  0.05758080  0.10047929  0.19982475  0.41805201
12 192  0.02455851  0.02966097  0.05730549  0.09535854  0.19545469  0.40891672
16  16  0.01924452  0.03333654  0.06602223  0.11460787  0.25453315  0.48602325
16  64  0.02198771  0.03227157  0.06112751  0.10360772  0.20483125  0.44109166
16  40  0.01990770  0.02879061  0.05683271  0.09824081  0.20926057  0.43247144
16 112  0.02957821  0.03938241  0.07603055  0.11565015  0.21452369  0.49822503
16  88  0.02697551  0.03897029  0.07248321  0.11924640  0.23707181  0.46159641
16 136  0.03307687  0.03660013  0.07305505  0.12472658  0.21986356  0.46881507
16 160  0.03675780  0.04256191  0.07735601  0.12841414  0.23040370  0.51236739
16 184  0.02872487  0.03192521  0.05978606  0.10387870  0.21992153  0.43865011
16 208  0.02705669  0.03373796  0.06003154  0.09604979  0.19659426  0.42697100
16 232  0.02630962  0.03232303  0.05707647  0.09534262  0.19144909  0.42287391
16 256  0.02643824  0.03023662  0.05972691  0.10133850  0.20647799  0.43314081
16 256  0.02716665  0.03260085  0.06030677  0.09974685  0.19482034  0.43278980
18  18  0.01864493  0.03057629  0.06316938  0.10854255  0.24193620  0.46444438
18  20  0.01859874  0.03054163  0.06256814  0.10433573  0.22601110  0.45644485
18  50  0.02113982  0.03082324  0.06033680  0.10265591  0.20408135  0.44115001
18  80  0.02611228  0.03604923  0.06816995  0.10739258  0.21357233  0.48866719
18 110  0.02810484  0.03900707  0.07394866  0.12491936  0.24170415  0.51523663
18 140  0.03207365  0.04204662  0.07844948  0.12172148  0.23987944  0.52989477
18 170  0.02471438  0.02899021  0.05669412  0.09362371  0.18758870  0.42186228
18 200  0.02477688  0.03015651  0.05525676  0.10097609  0.20130450  0.43084320
18 230  0.02805769  0.03139709  0.05959525  0.10181697  0.19407791  0.42594194
18 260  0.02797583  0.03292214  0.05745521  0.09421914  0.19333816  0.42215274
18 290  0.02911984  0.03078806  0.05375050  0.09465066  0.19285246  0.43079471
18 320  0.02810678  0.03051463  0.06066750  0.10324528  0.19881328  0.43068048
20  20  0.01852313  0.02968968  0.05988034  0.10811999  0.23334746  0.45910048
20  50  0.02135757  0.03139805  0.06135392  0.10170700  0.20476235  0.46903412
20  80  0.02709479  0.03538696  0.06546213  0.11219823  0.21532414  0.47596398
20 140  0.03914651  0.03740524  0.07227142  0.12569882  0.22505948  0.49548357
20 110  0.03178678  0.04076361  0.07399095  0.12105212  0.21204402  0.45458475
20 200  0.02508597  0.03110436  0.05845664  0.09892856  0.19647904  0.42986540
20 170  0.02475362  0.02849883  0.05627249  0.09439668  0.19150796  0.42522745
20 230  0.02585284  0.03194012  0.06296488  0.09952716  0.20620070  0.42118406
20 290  0.02824795  0.02850236  0.05453539  0.09456884  0.19693333  0.43257001
20 260  0.02663041  0.03175259  0.05468745  0.09118044  0.19265389  0.42114461
20 320  0.02901181  0.03295656  0.06154932  0.10681811  0.21336693  0.43839235
20 320  0.03142998  0.03315730  0.06565894  0.10654189  0.20250414  0.42697016
