 1   8  0.02860364  0.05258046  0.09232124  0.19250574  0.41354022  0.78586846
 1   4  0.04027219  0.06397988  0.13984760  0.32023432  0.66694939  1.35513788
 1   2  0.04240363  0.08775231  0.19258489  0.37853637  0.98482129  2.56938345
 1   1  0.08048289  0.16658534  0.34584247  0.72403517  1.55654167  3.19564283
 1  32  0.02069930  0.03493156  0.06679624  0.11383056  0.23435093  0.48154666
 1  16  0.02258049  0.03974808  0.08488485  0.14258705  0.30479336  0.59482201
 2   4  0.03615692  0.07817744  0.16932813  0.35499357  0.76665162  1.33754318
 2  16  0.02185993  0.04108913  0.07982656  0.13200407  0.27402905  0.54526735
 2   8  0.02996522  0.05795044  0.10314472  0.21727610  0.42141513  0.74544097
 2   2  0.04966292  0.10420198  0.21640715  0.41740363  1.04697237  2.61499417
 2  32  0.02000586  0.02879801  0.05826396  0.09670321  0.21331377  0.46040035
 2  64  0.03662423  0.04326017  0.06632932  0.10874483  0.21058872  0.46033962
 4   8  0.03725814  0.06908523  0.11723322  0.17848587  0.38701596  0.72854414
 4  16  0.01968088  0.04539680  0.08146841  0.13357459  0.27325184  0.49516120
 4   4  0.05906484  0.07600719  0.14554727  0.34168267  0.65098302  1.32003114
 4  32  0.01931855  0.03002903  0.05664673  0.09507098  0.19568839  0.48847943
 4  64  0.03877724  0.04261279  0.08085855  0.12282714  0.23342650  0.52698423
 4 128  0.04017737  0.04360144  0.08019471  0.12170844  0.24320850  0.53450461
 6   6  0.03261964  0.05822178  0.11043751  0.21833578  0.44404135  0.96125284
 6  12  0.02119976  0.03691458  0.07326082  0.15538196  0.33778506  0.66799218
 6  24  0.02056788  0.03345867  0.06458825  0.11807646  0.26208124  0.51945838
 6  48  0.02108053  0.02978160  0.05709382  0.09953363  0.20247675  0.45049458
 8   8  0.03032039  0.04876906  0.08736195  0.17458544  0.38621533  0.69778994
 6 192  0.03436770  0.04089498  0.07852422  0.12400301  0.21256514  0.43594482
 6  96  0.02763979  0.04060578  0.07964190  0.13173308  0.23322433  0.55114380
 8  16  0.01932109  0.04603128  0.07799932  0.12573122  0.25634784  0.54828816
 8  32  0.01850512  0.02822072  0.05545026  0.09672835  0.19703451  0.41857549
 8 256  0.02932062  0.03255948  0.05916204  0.10057160  0.19697587  0.43307228
10  10  0.02244408  0.04174109  0.07401475  0.13998289  0.32095261  0.66183665
 8  64  0.02453016  0.03521624  0.07621246  0.12707694  0.22936332  0.48631204
 8 128  0.05352306  0.04366421  0.08801421  0.13114497  0.24273400  0.55198261
10  20  0.01873541  0.03339147  0.06300975  0.11672521  0.26073644  0.49547503
10  40  0.02008466  0.03228737  0.06657087  0.11670224  0.23463059  0.52709417
10 320  0.02959288  0.02849034  0.05665052  0.09417167  0.19264711  0.42546057
10  80  0.02548391  0.03604649  0.08133558  0.13543653  0.21691148  0.51298466
10 160  0.06679155  0.04315399  0.08471024  0.12007619  0.26247701  0.55683326
12  24  0.01839769  0.02895291  0.05899227  0.09928291  0.21301070  0.45013433
12  12  0.02015359  0.03686425  0.07029827  0.12333948  0.28571300  0.55693769
12  96  0.02684720  0.03686164  0.06622556  0.10870120  0.20647464  0.45193568
12  48  0.02094200  0.03087430  0.05808085  0.10338040  0.20567057  0.45893244
12 192  0.02443033  0.03014190  0.05375636  0.09297149  0.19346901  0.42237925
12 384  0.03038326  0.03113525  0.05980441  0.09813598  0.21285486  0.44661313
16  16  0.01865286  0.03037097  0.06230587  0.11264838  0.25417200  0.49547124
16  32  0.02012724  0.02896217  0.05674208  0.10266372  0.20500336  0.43759229
16  64  0.02221430  0.03220793  0.06229157  0.11095851  0.20885837  0.45463548
16 128  0.03557146  0.04023884  0.07790290  0.12712892  0.23522252  0.48741785
16 256  0.02659697  0.03225281  0.05591071  0.09555090  0.19856547  0.41769237
16 512  0.03704556  0.03551860  0.06339266  0.10205787  0.20594080  0.44890230
18  18  0.01836151  0.02984006  0.06365388  0.10936239  0.23558272  0.46105560
18  36  0.01965322  0.02993823  0.05727284  0.09923370  0.20217084  0.44230701
18  72  0.02641520  0.03517110  0.06234512  0.11022631  0.21564300  0.46456859
18 288  0.02755557  0.02912680  0.05516453  0.09221710  0.19075020  0.42548450
18 144  0.04102485  0.04141969  0.07752040  0.12033824  0.22496281  0.50894789
18 576  0.03407145  0.03191984  0.05497578  0.09180423  0.18964621  0.42673794
20  20  0.01822591  0.02943920  0.06038248  0.10291064  0.23299673  0.47042500
20  40  0.01991912  0.02989185  0.05686822  0.09549329  0.20411147  0.43362601
20  80  0.02448602  0.03486406  0.06278807  0.11371908  0.22787470  0.49615706
20 160  0.03349847  0.03803191  0.07765348  0.13188909  0.24326630  0.50593844
20 320  0.02872479  0.03245229  0.06078847  0.10164082  0.21268441  0.45154268
20 640  0.03635978  0.03356004  0.05932526  0.09637675  0.19295940  0.43546418
