 1  10  0.02547299  0.04959307  0.08110005  0.14998356  0.31571601  0.74097861
 1   4  0.03923135  0.06273984  0.13757075  0.31641981  0.66570588  1.42480355
 1  16  0.02024547  0.03927333  0.06916741  0.12690601  0.31297237  0.49725226
 1   1  0.08057979  0.16668200  0.34602160  0.72027741  1.53079738  3.20521637
 1  34  0.02540012  0.04162389  0.07723607  0.13311440  0.25283595  0.55728050
 1  28  0.02540409  0.04273410  0.08035395  0.13654432  0.28807433  0.56098994
 1  22  0.02711207  0.04374655  0.08041849  0.14925271  0.30608769  0.57507170
 1  40  0.03205753  0.03054227  0.06093815  0.13667425  0.29191250  0.58019547
 1  52  0.03316627  0.05298553  0.08445476  0.13534728  0.23486022  0.54655997
 1  58  0.03394718  0.04890076  0.08642273  0.13780292  0.23968032  0.55232989
 1  46  0.03535063  0.04656048  0.08613363  0.12476138  0.24515897  0.56112037
 1  64  0.04782249  0.03134789  0.05785231  0.11126956  0.24754053  0.56360468
 2  10  0.02573987  0.04688873  0.08903477  0.14774756  0.34212372  0.66833708
 2   4  0.03392929  0.06486967  0.13650475  0.33617268  0.71104369  1.34713656
 2  22  0.02504467  0.03733931  0.07040973  0.12658911  0.26965861  0.54378560
 2  16  0.02231961  0.04098167  0.08280013  0.13505167  0.29493687  0.56601541
 2   2  0.04364936  0.09042976  0.20000949  0.41276754  1.14876057  2.68123804
 2  40  0.02931648  0.04078441  0.07954434  0.14040350  0.23455810  0.53701206
 2  46  0.02323681  0.03598016  0.07506958  0.14344290  0.24335571  0.53370441
 2  34  0.02938205  0.04038159  0.06605407  0.11954663  0.25616377  0.54302182
 2  28  0.02738167  0.04251988  0.06911839  0.12232139  0.26456001  0.54943330
 2  64  0.04106597  0.04968950  0.09044219  0.14657466  0.23721820  0.49997161
 2  58  0.04088644  0.04783248  0.09107902  0.14138856  0.25726637  0.53879617
 2  52  0.03861546  0.05018550  0.09154298  0.13863656  0.25703719  0.53769363
 4   4  0.05303926  0.07462433  0.16909035  0.40176957  0.83619520  1.29770840
 4  28  0.02653323  0.04495521  0.08245473  0.13181259  0.26520759  0.54682300
 4  22  0.02678323  0.04435594  0.09301651  0.15004668  0.30769796  0.67195118
 4  16  0.02871014  0.04822155  0.09793630  0.17152347  0.38017555  0.72916461
 4  10  0.03089814  0.05405127  0.10902863  0.21916479  0.43609096  0.86180510
 4  46  0.02152641  0.03022003  0.06498600  0.11024409  0.23317666  0.55185955
 4  40  0.03682063  0.03778998  0.07584751  0.13678879  0.25587641  0.53622921
 4  52  0.03796965  0.03757849  0.06643406  0.11164323  0.24208230  0.56443074
 4  34  0.03316648  0.03913760  0.07461205  0.12717984  0.26193559  0.54267029
 6   6  0.03259715  0.05808394  0.10995416  0.21697250  0.41137464  0.84646984
 4  64  0.04266741  0.04880460  0.08818891  0.14148221  0.23967889  0.49162070
 4  58  0.03982564  0.04421054  0.09073297  0.14378906  0.23938649  0.51144563
 4  64  0.04072648  0.04829525  0.08455457  0.15317884  0.24653969  0.55522120
 6  44  0.02097653  0.03148174  0.05831733  0.10073322  0.20288357  0.44557458
 6   8  0.02624611  0.04867840  0.08734506  0.17937352  0.39143498  0.81573382
 6  32  0.02256595  0.03441916  0.06690932  0.11401367  0.23199858  0.49087035
 6  20  0.02206002  0.03670200  0.07289276  0.13287503  0.29068698  0.53397598
 6  56  0.02282018  0.03276273  0.06220399  0.10725264  0.21022634  0.45404266
 6  68  0.02518187  0.04774601  0.07236280  0.11695095  0.24660366  0.55250479
 6  92  0.05120454  0.03450456  0.06074640  0.13555418  0.23896383  0.55098165
 6  80  0.03246478  0.03775972  0.06899964  0.11576721  0.23772086  0.52582935
 6 104  0.02947089  0.03570951  0.06727509  0.11116389  0.21520769  0.49033398
 6 116  0.05305732  0.05330403  0.09864688  0.13938987  0.25409276  0.55673717
 6 128  0.05793003  0.04946385  0.09543345  0.13838529  0.25890111  0.55815780
 8   8  0.03103272  0.05270695  0.11005393  0.17183347  0.39181741  0.71900580
 8  20  0.01942405  0.03034044  0.06203956  0.10506677  0.23487358  0.45782701
 8  32  0.01956353  0.02854812  0.05608419  0.09713609  0.20078601  0.43002565
 8  56  0.02226724  0.03193022  0.05929220  0.10778090  0.21267252  0.43621222
 8  44  0.02080500  0.03603337  0.06396971  0.10895816  0.22962491  0.50416881
 8  68  0.02790270  0.03430611  0.07643034  0.14370035  0.25963276  0.46278225
 8  80  0.02518232  0.03594099  0.07217408  0.11890822  0.22175927  0.49179051
 8  92  0.02788976  0.03659517  0.07387235  0.11807873  0.23925007  0.51440783
 8 116  0.04622278  0.04480511  0.08016039  0.12384408  0.24574709  0.56104648
 8 104  0.04107613  0.04634519  0.07964695  0.12522539  0.24725015  0.54682897
 8 128  0.03620092  0.04057536  0.06980000  0.12931488  0.24464146  0.53979376
 8 128  0.03341472  0.04225408  0.07213356  0.11571490  0.24547084  0.53626588
10  30  0.01885902  0.02921160  0.05762319  0.09621036  0.20421749  0.42809064
10  48  0.02461682  0.03357074  0.06267062  0.11174894  0.23220849  0.49230502
10  12  0.02084970  0.04659559  0.07788534  0.13594275  0.32085959  0.59927097
10  10  0.02405192  0.04532107  0.08434026  0.16043554  0.37190618  0.68373675
10  66  0.02522888  0.03324148  0.06628086  0.10570273  0.21042075  0.45960099
10  84  0.02755911  0.03645909  0.07117431  0.12241737  0.24224164  0.54359458
10 138  0.02997160  0.04354103  0.07693950  0.12365875  0.22947748  0.51371302
10 102  0.03103735  0.03745410  0.06348541  0.10915313  0.23282716  0.52936742
10 120  0.04799083  0.04157640  0.07896557  0.15153340  0.24413932  0.52288896
10 156  0.04671663  0.04276317  0.07921096  0.13437027  0.26336755  0.55704099
10 174  0.02660743  0.03046795  0.06031759  0.10330275  0.20504273  0.43010518
10 192  0.02890024  0.03632253  0.06479886  0.09434808  0.18955494  0.41366937
12  12  0.02070756  0.03773591  0.07298594  0.12714846  0.29808878  0.54951548
12  30  0.01853587  0.02819819  0.05625536  0.09454652  0.20728631  0.42281568
12  48  0.02102968  0.03030289  0.05749477  0.09365583  0.20329341  0.46452222
12  66  0.02337036  0.03353985  0.06378037  0.10572887  0.21021241  0.45490467
12  84  0.02547745  0.03767750  0.07358566  0.12173773  0.23768852  0.50836874
12 102  0.02786383  0.03873700  0.06986579  0.10469997  0.21264833  0.42953369
12 120  0.02770345  0.04182318  0.07781612  0.12162936  0.25089415  0.50638212
12 138  0.03613277  0.04097056  0.06731064  0.11146070  0.22759854  0.50242916
12 156  0.03643289  0.04213650  0.07997762  0.13363308  0.24343598  0.51944539
12 174  0.02460980  0.03185306  0.05617455  0.09661681  0.19732041  0.42101803
12 192  0.02689768  0.03008347  0.05720970  0.09817196  0.19794154  0.42517960
16  16  0.01872178  0.03078133  0.06391230  0.11445772  0.24662675  0.48067005
12 192  0.02559510  0.03036870  0.06121614  0.10883939  0.21858575  0.43851931
16  40  0.01996364  0.03082023  0.05667862  0.09577647  0.19409140  0.45772591
16  64  0.02308264  0.03404809  0.06185747  0.11092154  0.20554228  0.44530648
16  88  0.02690818  0.03495802  0.06580541  0.10010219  0.21582606  0.47104492
16 112  0.02978617  0.03422185  0.07039223  0.11574180  0.22136190  0.50749400
16 136  0.04288782  0.03492194  0.07844875  0.11251466  0.23466570  0.51135163
16 184  0.02629044  0.03294611  0.06285973  0.10482080  0.20619363  0.43457215
16 160  0.03725620  0.04360713  0.07918923  0.13038917  0.24010754  0.53515491
16 208  0.02514552  0.03424567  0.06602707  0.10502117  0.19523501  0.42143140
16 232  0.02787794  0.03117435  0.05801221  0.09515233  0.19841473  0.42159023
16 256  0.03040699  0.03360036  0.06114891  0.10012566  0.20339807  0.43868583
16 256  0.03128736  0.03287909  0.06907916  0.11786137  0.24969594  0.45040242
18  18  0.01847815  0.03104059  0.06113681  0.10782793  0.23884132  0.45141903
18  20  0.01822663  0.02973657  0.06249971  0.10728792  0.23927528  0.44746766
18  50  0.02149032  0.03059403  0.05469036  0.09947562  0.20202158  0.42361338
18  80  0.02675184  0.03480610  0.06507516  0.10053475  0.22274821  0.49425953
18 110  0.02534654  0.03908456  0.07002071  0.11211258  0.21525404  0.44404525
18 170  0.02598237  0.02928644  0.05747383  0.09966467  0.19636159  0.43344428
18 140  0.03671456  0.03969691  0.07405563  0.11875406  0.24120903  0.51946899
18 200  0.02635561  0.03291368  0.06046480  0.09624713  0.19876768  0.43514663
18 230  0.02775902  0.03494095  0.06381522  0.10258980  0.21357500  0.45829954
18 260  0.02769436  0.03098655  0.05860927  0.09539823  0.19451891  0.42480970
18 290  0.03104981  0.03850080  0.07579317  0.14646984  0.24564188  0.42690564
18 320  0.02893344  0.03201369  0.05875073  0.09449128  0.19430401  0.43048786
20  20  0.01815559  0.02996423  0.06155581  0.10321670  0.22160070  0.45630837
20  50  0.02088296  0.03128890  0.06092772  0.10109616  0.20313970  0.43438381
20  80  0.02631617  0.03667713  0.07167977  0.11638543  0.21159967  0.48037663
20 110  0.03398053  0.03907628  0.07196933  0.11711735  0.22274622  0.46364597
20 170  0.02403924  0.02855858  0.05580298  0.09286345  0.19591173  0.41655299
20 140  0.04180521  0.04211588  0.06909264  0.13274691  0.23046132  0.49627778
20 200  0.02451585  0.02951002  0.05627937  0.09328572  0.19777011  0.42644227
20 230  0.02697209  0.03742058  0.06485748  0.10227241  0.20272887  0.42949964
20 260  0.02627593  0.02879300  0.05714974  0.09193235  0.19064651  0.43035374
20 290  0.03210002  0.03285408  0.05979154  0.10065897  0.19329237  0.42368136
20 320  0.03012948  0.03122582  0.05697328  0.10214843  0.20039728  0.43340047
20 320  0.02944752  0.03234148  0.05598169  0.10366756  0.21179145  0.41144587
