 1  10  0.02361517  0.04429467  0.08861126  0.14772665  0.31724483  0.73223263
 1   4  0.03973746  0.06301285  0.13810368  0.31682648  0.65865563  1.40397178
 1  16  0.01987892  0.03407722  0.06692939  0.13223689  0.28751836  0.51894335
 1   1  0.08049236  0.16652680  0.34586316  0.72525563  1.53784856  3.18010112
 1  22  0.01877026  0.03876043  0.07564996  0.12778555  0.29840880  0.58136017
 1  40  0.03171559  0.03940900  0.07759061  0.15043747  0.27576369  0.57996943
 1  34  0.04030111  0.04308203  0.08002643  0.14175407  0.27508642  0.58918007
 1  28  0.02790554  0.04075375  0.07761339  0.14442423  0.27347801  0.59815766
 1  58  0.03479801  0.04689138  0.09211182  0.13793779  0.25516217  0.52403776
 1  52  0.03650696  0.04573401  0.08427863  0.13125583  0.25469112  0.54974200
 1  64  0.03696856  0.04431549  0.08238534  0.13393305  0.25726734  0.56158675
 1  46  0.03891151  0.04370720  0.08180550  0.12926768  0.26378806  0.57169064
 2  16  0.02043308  0.03384304  0.07259618  0.12768620  0.29668777  0.56479951
 2  10  0.02480692  0.04904474  0.08512250  0.16462797  0.37517125  0.71965772
 2   4  0.03878818  0.07176751  0.15409801  0.35691669  0.73940285  1.37056964
 2  22  0.02010086  0.03617391  0.06436195  0.11650819  0.25715073  0.55082856
 2  28  0.02171778  0.03158593  0.07100604  0.13181460  0.25794738  0.53616133
 2   2  0.04422558  0.09130033  0.22592887  0.38483371  0.97310036  2.58736144
 2  34  0.02553482  0.04499985  0.07985833  0.10796333  0.20445264  0.44860753
 2  40  0.02030037  0.02966081  0.05839580  0.09771906  0.20582432  0.43532343
 2  52  0.02739110  0.03581378  0.07305509  0.10353492  0.22486413  0.50785404
 2  58  0.04385288  0.03985301  0.05883778  0.10736508  0.23436955  0.54428945
 2  46  0.03948634  0.04913179  0.06766710  0.12641586  0.24132845  0.55117031
 2  64  0.03786588  0.03440985  0.05965921  0.09686805  0.27550824  0.42676145
 4  22  0.02175211  0.03277189  0.07505832  0.12724251  0.26160901  0.50259714
 4  16  0.02140792  0.03775307  0.07659666  0.13853259  0.31863008  0.61528360
 4  10  0.02716115  0.05215797  0.10086189  0.19173756  0.41002860  0.71608594
 4   4  0.04454509  0.07248648  0.13911135  0.38413495  0.79963569  1.30597603
 4  40  0.02034045  0.02953151  0.06096782  0.09549210  0.20788374  0.46453942
 4  46  0.02559497  0.03192813  0.07072951  0.11924805  0.24543250  0.54332741
 4  34  0.02311238  0.03902527  0.07389428  0.10923836  0.26529056  0.54836604
 4  28  0.02373194  0.03779877  0.07465067  0.13734135  0.27527296  0.56155664
 4  52  0.02353927  0.03180102  0.08034635  0.10692773  0.21349422  0.54069684
 4  64  0.04605924  0.03934547  0.07889247  0.12364640  0.25052954  0.55797763
 4  58  0.04654891  0.04238254  0.07342604  0.12816468  0.24458605  0.57395302
 4  64  0.04643761  0.04098011  0.07394753  0.12375148  0.26717452  0.55857500
 6  32  0.01891308  0.02874347  0.05738711  0.09759019  0.19983130  0.43434339
 6  20  0.02053231  0.03711640  0.06660234  0.12337979  0.26174073  0.52506326
 6   8  0.03436298  0.06122817  0.09611414  0.20163981  0.48788275  0.77382956
 6   6  0.03757901  0.06238147  0.12140487  0.25821125  0.49054882  0.92905633
 6  44  0.02211154  0.03254977  0.05769819  0.10370110  0.20312280  0.42256788
 6  92  0.02468253  0.03774722  0.07273915  0.11128406  0.20177745  0.47958150
 6  68  0.04385211  0.05171600  0.09795332  0.15798535  0.30263882  0.54838214
 6  56  0.02960340  0.04307645  0.10043682  0.15723903  0.27796611  0.60147582
 6  80  0.03617001  0.03459248  0.08920652  0.15819034  0.29660392  0.58798088
 6 104  0.02765002  0.04000698  0.07530194  0.11576486  0.21979934  0.51265423
 8  20  0.01812650  0.02975066  0.06017446  0.10158983  0.22354287  0.45524551
 6 116  0.06405598  0.04702421  0.09328192  0.15026650  0.29955968  0.63379667
 6 128  0.06178027  0.05290868  0.08858380  0.15244321  0.28652981  0.61606798
 8  32  0.01917496  0.02947601  0.05752103  0.09575849  0.20346151  0.43763032
 8   8  0.04347199  0.07088908  0.14490504  0.21146903  0.39389479  0.73327759
 8  44  0.02004130  0.03040743  0.06084162  0.09892666  0.21423681  0.45325291
 8  56  0.02211903  0.03226036  0.06081338  0.09867913  0.20682048  0.43626875
 8  92  0.02522654  0.03902044  0.07251919  0.12227285  0.21940669  0.50532645
 8 104  0.02570456  0.04093609  0.06209788  0.11568037  0.22654470  0.50075594
 8  80  0.03450853  0.04317865  0.07262469  0.12521819  0.22369606  0.49385133
 8  68  0.02884781  0.03951812  0.07865590  0.12355863  0.22895847  0.50751316
 8 116  0.02704355  0.04003379  0.07694006  0.12187589  0.24324714  0.51219375
 8 128  0.03160821  0.03948745  0.06685245  0.12057959  0.22407072  0.52274268
 8 128  0.03437965  0.04178240  0.07845842  0.12904759  0.24702073  0.47061117
10  12  0.02127551  0.03929974  0.07400588  0.12615419  0.29586954  0.57110703
10  10  0.02238565  0.07564956  0.11732093  0.14904943  0.31727651  0.64188584
10  48  0.02111056  0.02988955  0.05615542  0.10189367  0.20188038  0.43198255
10  30  0.02174115  0.03304936  0.05738889  0.10025022  0.21010942  0.45918804
10  66  0.02432633  0.03444162  0.06575341  0.11390229  0.21188651  0.49777321
10  84  0.03398320  0.04063228  0.07758109  0.11866802  0.23369555  0.50234367
10 120  0.02985619  0.03963383  0.07220850  0.11061552  0.23257228  0.51347477
10 138  0.04606746  0.04688659  0.08164731  0.11184246  0.22651621  0.52402319
10 156  0.03886453  0.04280757  0.07940375  0.13136379  0.22940891  0.54023043
10 174  0.03195337  0.04366010  0.06939683  0.10199769  0.18555867  0.42547215
10 192  0.02839822  0.03288079  0.06240456  0.09472799  0.18550467  0.41670576
10 102  0.02669496  0.03921733  0.06199356  0.11863060  0.22851022  0.51123935
12  12  0.01986761  0.03447421  0.06971745  0.12299241  0.28296088  0.57441253
12  48  0.02150560  0.03070626  0.06015108  0.09341388  0.20329845  0.42396423
12  30  0.02019497  0.02957218  0.05981933  0.09750069  0.20921418  0.45952121
12  66  0.02395756  0.03329796  0.06282510  0.10845157  0.20979246  0.46676403
12  84  0.02628369  0.03592249  0.07160306  0.11754083  0.20607726  0.43667484
12 102  0.02865251  0.03842896  0.06395829  0.11065158  0.20897316  0.47682223
12 120  0.03470382  0.04214989  0.07433380  0.11019087  0.20580759  0.48877646
12 156  0.03819372  0.04097751  0.08338391  0.13183435  0.24411964  0.50585593
12 138  0.03094506  0.03927315  0.07252955  0.11216033  0.23494177  0.51016562
12 174  0.02547829  0.03118611  0.05756422  0.09627240  0.20689710  0.44320823
12 192  0.02466476  0.03039963  0.05610413  0.09977851  0.20268835  0.43128507
12 192  0.02472044  0.02935993  0.05717904  0.09272110  0.19220089  0.42079572
16  16  0.01850395  0.03101917  0.06494275  0.11236362  0.25177534  0.48904106
16  40  0.02056883  0.03000401  0.05806952  0.10106176  0.20620537  0.44725293
16  64  0.02450586  0.03341217  0.06401036  0.10494084  0.20181470  0.47237471
16  88  0.02765502  0.03728931  0.06585520  0.11204778  0.23349540  0.49440126
16 112  0.02999392  0.03859726  0.07542018  0.11221120  0.21975949  0.51120979
16 136  0.03606825  0.04254730  0.07236931  0.11394564  0.22568115  0.48118364
16 160  0.03492841  0.04422097  0.07350433  0.12326250  0.23088037  0.53689470
16 184  0.02741578  0.03670712  0.07751686  0.14590987  0.29456033  0.43494152
16 208  0.02615889  0.02912445  0.05843856  0.09320694  0.19296419  0.40920365
16 232  0.02691528  0.03425209  0.06354281  0.09765954  0.19712556  0.43504396
16 256  0.02930201  0.03111554  0.05738772  0.09587021  0.19622952  0.43194460
16 256  0.02787962  0.03195935  0.05711141  0.09391097  0.19117573  0.42090853
18  18  0.01857198  0.02914823  0.06436042  0.10708232  0.23762145  0.46167735
18  20  0.01867880  0.03004980  0.06132251  0.10321892  0.22835325  0.44408616
18  50  0.02207685  0.03078383  0.05823876  0.10109666  0.21129944  0.43206431
18  80  0.02469936  0.03592799  0.06350379  0.11492418  0.19901582  0.48420514
18 110  0.02971588  0.03946343  0.07460218  0.12410225  0.22823595  0.52930595
18 170  0.02491132  0.03098184  0.05898384  0.09900817  0.20180554  0.43641257
18 140  0.03671787  0.04327026  0.08230467  0.12542406  0.20334328  0.50092466
18 200  0.02384232  0.03050881  0.05659608  0.10236974  0.21264578  0.44345651
18 230  0.02546283  0.02945516  0.05769519  0.09432935  0.19061633  0.42121396
18 260  0.02647005  0.03188237  0.06041331  0.10256811  0.20558082  0.43124034
18 290  0.02759058  0.02946099  0.05535349  0.09623960  0.19016470  0.42521352
18 320  0.02846674  0.02999391  0.05580217  0.10166104  0.20421828  0.45616178
20  20  0.01832670  0.02966637  0.06077815  0.10349954  0.22647853  0.44713422
20  50  0.02240667  0.03172575  0.05794489  0.10332695  0.20814228  0.45791915
20  80  0.02624695  0.03752901  0.06641288  0.11855921  0.22079458  0.48958565
20 110  0.02849170  0.04041370  0.07612866  0.12335273  0.24336096  0.52565491
20 140  0.03246677  0.04403425  0.07399526  0.12575936  0.21979087  0.52108250
20 170  0.02590274  0.03251370  0.06125305  0.10160130  0.21128619  0.45132022
20 200  0.02744294  0.03370682  0.05814689  0.09637956  0.18919535  0.42379428
20 230  0.02574359  0.02848308  0.05819418  0.10118057  0.21005065  0.45553887
20 290  0.02838219  0.03170035  0.06240166  0.10145791  0.20444484  0.43428093
20 260  0.02755070  0.03063947  0.05643067  0.09277442  0.19289957  0.42807457
20 320  0.02739004  0.02928266  0.05874818  0.09936499  0.19795466  0.43432754
20 320  0.02861319  0.03032931  0.05568409  0.09298132  0.19278143  0.41896254
