 1   8  0.03112824  0.04994160  0.09269557  0.17927974  0.37338464  0.71699164
 1   4  0.03987444  0.06296753  0.13916625  0.32135850  0.66835640  1.35397895
 1   2  0.04240682  0.08767870  0.19272747  0.37862908  1.00692070  2.55142681
 1   1  0.08048956  0.16658683  0.34575937  0.72079301  1.53599839  3.20692175
 1  32  0.02158607  0.03515907  0.06051718  0.10810405  0.23536986  0.50533589
 1  16  0.01908228  0.02938952  0.07394967  0.11406235  0.27769294  0.57595107
 2   4  0.04759621  0.06925888  0.15350820  0.38298599  0.75794788  1.30918136
 2   2  0.05043313  0.09392275  0.22119776  0.41189111  1.08144091  2.52158746
 2  32  0.02569801  0.03709334  0.06603750  0.10953367  0.22618300  0.45686388
 2  16  0.02561777  0.04192470  0.08986581  0.14656236  0.31469067  0.63625287
 2   8  0.03116647  0.05515051  0.11102168  0.18220372  0.37257515  0.91065192
 2  64  0.03720459  0.04715074  0.07936239  0.11298960  0.22682670  0.43573068
 4  32  0.02373637  0.03654824  0.06744831  0.11289887  0.22374414  0.47305256
 4  16  0.02547619  0.04245964  0.09773619  0.16695604  0.34693284  0.64422991
 4   8  0.03136352  0.05543404  0.10999789  0.21307075  0.48144536  0.71418322
 4   4  0.04028095  0.07740678  0.14756294  0.37886144  0.69689768  1.33444016
 4 128  0.04691361  0.04015636  0.07816701  0.12785247  0.24027327  0.51893585
 4  64  0.04371127  0.04053031  0.07834306  0.12457306  0.23844629  0.53235333
 6  24  0.02350462  0.03549696  0.05931731  0.11370879  0.23407284  0.53053617
 6  12  0.02095418  0.03894244  0.08347698  0.14122462  0.32066659  0.73192938
 6   6  0.03270433  0.05146539  0.11701526  0.24033376  0.48817237  0.91963252
 6  48  0.02099224  0.03131725  0.05654306  0.10217983  0.20619864  0.46562138
 8   8  0.02864115  0.04878958  0.08743091  0.17451544  0.38652302  0.69691649
 6 192  0.04528967  0.04159459  0.07790117  0.12955860  0.25854450  0.52433977
 6  96  0.03528665  0.04086199  0.08089578  0.13545400  0.28587245  0.52933299
 8  16  0.02004967  0.03697178  0.07494606  0.11304434  0.25583935  0.49027690
 8  32  0.01916500  0.02947224  0.05733567  0.10362126  0.20460157  0.44188061
 8  64  0.02808975  0.03399273  0.06452884  0.11041765  0.22743989  0.49345811
 8 256  0.03272387  0.03249305  0.05723910  0.09867993  0.24615133  0.42307970
 8 128  0.03839063  0.04482174  0.07802737  0.12983292  0.23080876  0.52284321
10  10  0.03547847  0.05422426  0.09836456  0.18210457  0.39987194  0.68390111
10  40  0.02245851  0.03251626  0.05990228  0.11775945  0.22512808  0.53219031
10  20  0.01911977  0.03359847  0.06317040  0.12574655  0.26511933  0.53152900
10 320  0.03054970  0.03165944  0.06229569  0.09958550  0.19916039  0.42212401
10 160  0.04601127  0.05115357  0.08123518  0.13727662  0.25927450  0.52683252
10  80  0.03001382  0.04965063  0.08528307  0.13724869  0.23180129  0.55462561
12  12  0.02074707  0.03912403  0.07284370  0.12173483  0.28139959  0.56475127
12  24  0.01867526  0.02876850  0.05753705  0.09957051  0.21147050  0.44383694
12  48  0.02050813  0.03038685  0.05928632  0.10224364  0.20822494  0.43703819
12 192  0.02493837  0.02942913  0.05682478  0.09642909  0.19440569  0.42651229
12  96  0.02753059  0.03845000  0.07380665  0.10725141  0.22097769  0.49109197
12 384  0.03012594  0.02730903  0.05497142  0.09266675  0.19037520  0.43100141
16  16  0.01852654  0.03031477  0.06239592  0.11147031  0.25053947  0.48207935
16  32  0.01979315  0.02842144  0.05738194  0.09500437  0.20705333  0.41912628
16  64  0.02428822  0.03290834  0.06040297  0.10899765  0.21274215  0.47178820
16 128  0.03419363  0.03930566  0.06874236  0.11277013  0.21350543  0.47064269
16 256  0.02743922  0.03327387  0.05807482  0.09230555  0.19211568  0.41215391
16 512  0.03553126  0.03497556  0.06013295  0.08945395  0.19338957  0.42994508
18  18  0.01869312  0.03034891  0.06297342  0.11168657  0.24224816  0.47172475
18  36  0.01957911  0.02924307  0.05781648  0.09365370  0.19558953  0.44197519
18  72  0.02703192  0.03656919  0.07355246  0.12360693  0.23448494  0.50455501
18 144  0.03569798  0.04231619  0.07348429  0.13237131  0.23656813  0.50747409
18 288  0.02640092  0.02929501  0.05873897  0.10077775  0.19189569  0.43333248
18 576  0.03551597  0.03316793  0.05550876  0.09306511  0.19575943  0.42653354
20  40  0.01956763  0.02947916  0.05750637  0.09806010  0.20539647  0.43490287
20  20  0.01846213  0.03053109  0.06240116  0.10390397  0.23081709  0.46376805
20 160  0.03433109  0.04186924  0.06407225  0.14097852  0.24768642  0.52209413
20  80  0.02407243  0.03514929  0.06752141  0.10764784  0.20973755  0.46056427
20 640  0.03651015  0.03610160  0.05720210  0.09243064  0.19193967  0.43214121
20 320  0.02825241  0.03017094  0.05937935  0.10038154  0.19419028  0.41649042
14  14  0.01936843  0.03296382  0.06594624  0.11639522  0.26836503  0.51051923
14  28  0.01887666  0.02927443  0.05791632  0.09644930  0.20856777  0.44510613
14  56  0.02269558  0.03130844  0.06337850  0.10659941  0.20188891  0.47042770
14 112  0.02982483  0.03846770  0.06936392  0.11399689  0.23330532  0.47968824
14 224  0.02601262  0.02856777  0.05580633  0.09387095  0.19392924  0.42731998
14 448  0.03349170  0.03387014  0.06029076  0.09723782  0.19657554  0.43187938
