 1   8  0.02861492  0.05531085  0.09186874  0.17926467  0.39495506  0.77236094
 1   4  0.03971464  0.06352060  0.13474307  0.31836234  0.68353865  1.40213977
 1   2  0.04234940  0.08769540  0.19262543  0.38224968  0.99649292  2.57735804
 1   1  0.08048358  0.16665669  0.34581514  0.72232222  1.55334978  3.21094990
 1  32  0.02276899  0.03520545  0.06629611  0.12372654  0.25016856  0.52302294
 1  16  0.02438377  0.03847545  0.08076511  0.14606093  0.29559469  0.61017391
 2   4  0.04108536  0.07003869  0.14691128  0.39758500  0.82051101  1.30495384
 2   8  0.02640322  0.04875660  0.08665135  0.17728939  0.34865059  0.78325895
 2  16  0.01975966  0.03291346  0.06526073  0.11337053  0.29452438  0.51381731
 2   2  0.04704233  0.10087383  0.21923120  0.48476868  1.07188605  2.76151357
 2  32  0.01921712  0.02957288  0.05726635  0.10007880  0.20746341  0.43887327
 2  64  0.02370949  0.03190774  0.06366105  0.11164195  0.20945393  0.51196001
 4  16  0.02924524  0.05014146  0.08783047  0.14438942  0.29398075  0.54411054
 4   8  0.04059163  0.07454674  0.12497042  0.19542066  0.42387753  0.72268454
 4   4  0.06419580  0.07749609  0.19200971  0.33178458  0.65673549  1.27585293
 4  64  0.02625434  0.03791439  0.06297403  0.10803542  0.23960415  0.53092067
 4  32  0.02654425  0.03816513  0.07399328  0.12295599  0.27601256  0.55218557
 4 128  0.03627225  0.03889840  0.07268674  0.13795400  0.27317763  0.54800239
 6   6  0.04074316  0.06382090  0.15341695  0.29490048  0.58823723  0.80333897
 6  12  0.02003775  0.03786933  0.06840711  0.12726691  0.27973235  0.58122818
 6  48  0.02536834  0.03571676  0.06592114  0.12069221  0.24514904  0.52238422
 6  96  0.03073125  0.03612047  0.06934636  0.13381031  0.25750346  0.55009241
 6  24  0.02376047  0.03635366  0.07015634  0.13707124  0.27692739  0.56754141
 6 192  0.02621110  0.03448276  0.06422842  0.10187637  0.20803554  0.40744048
 8  16  0.01891784  0.03089835  0.06314604  0.11230468  0.25066994  0.52427247
 8   8  0.02613520  0.04870283  0.08821302  0.17413905  0.36963093  0.75891836
 8  32  0.02177519  0.03257792  0.05959790  0.10091671  0.22836567  0.44216086
 8  64  0.03610960  0.03998828  0.06917069  0.11348339  0.21523434  0.48869367
 8 128  0.05711570  0.03569395  0.07709375  0.11502028  0.21917104  0.51763333
 8 256  0.02764689  0.03243298  0.05985301  0.09286366  0.19090132  0.42457419
10  20  0.01985036  0.03339424  0.06403303  0.11372605  0.23261193  0.46990504
10  10  0.02624244  0.05034742  0.09127321  0.14251381  0.35241025  0.63977789
10  40  0.02035612  0.03052988  0.05805636  0.10009162  0.20640888  0.45561143
10  80  0.02553452  0.03481894  0.07018541  0.11907445  0.22479758  0.51102521
10 160  0.06278616  0.04090247  0.07231938  0.12151146  0.22542801  0.52806707
10 320  0.03204144  0.05489445  0.08502264  0.14529262  0.19281088  0.43042698
12  12  0.02138064  0.03909421  0.07559253  0.12847113  0.29509547  0.57252263
12  48  0.02129317  0.03127339  0.06003949  0.09769029  0.20530516  0.46588952
12  24  0.01841254  0.03004861  0.05989383  0.09861638  0.21135478  0.44627455
12  96  0.02843412  0.03341928  0.06614593  0.11108875  0.21151213  0.50742558
12 192  0.02820210  0.03177467  0.06170545  0.09455312  0.20153728  0.42918175
12 384  0.03512966  0.03516741  0.05859816  0.09697421  0.20255338  0.45352339
16  16  0.01863495  0.03052987  0.06403492  0.11357701  0.26105901  0.49023229
16  32  0.01890217  0.03103380  0.06258041  0.10672720  0.21122969  0.44643070
16  64  0.02461661  0.03350514  0.06558279  0.10117400  0.21038953  0.46111329
16 128  0.03289853  0.03938511  0.07339888  0.10723933  0.22748239  0.53174819
16 256  0.02729462  0.03308341  0.05920557  0.09263209  0.19059763  0.42229153
16 512  0.03431108  0.03164547  0.05838746  0.09181487  0.19601884  0.43172505
18  18  0.01849768  0.03000854  0.06198055  0.11041720  0.23930247  0.47081879
18  36  0.02042418  0.02929813  0.05685643  0.09969312  0.21601568  0.44276197
18  72  0.02536812  0.03534447  0.06861813  0.11197288  0.23161397  0.49782519
18 144  0.03335789  0.03863209  0.07057609  0.11581945  0.23720387  0.52491164
18 288  0.03356646  0.03506356  0.06536499  0.10268061  0.19767708  0.42134349
18 576  0.03659662  0.03451508  0.05833891  0.09529810  0.19543339  0.43093351
20  20  0.01868749  0.02952085  0.06098025  0.10638155  0.23435876  0.45290501
20  40  0.02004296  0.03116948  0.05722585  0.09844753  0.21008731  0.47482707
20  80  0.02512707  0.03769960  0.07174722  0.11637871  0.22224988  0.42338610
20 160  0.04324168  0.04433342  0.07925706  0.12228244  0.24547664  0.52660350
20 320  0.02908077  0.03413386  0.06467782  0.10731113  0.19858512  0.43304679
20 640  0.03751229  0.03657796  0.06305701  0.10441024  0.21662575  0.44573146
