 1  10  0.00208856  0.00243958  0.00499556  0.01058423  0.02387671  0.04367942  0.08521432  0.15129914  0.34635267  0.73475327
 1  16  0.00240821  0.00265742  0.00424534  0.00986059  0.02034111  0.03411809  0.06997375  0.12705359  0.29488680  0.55836895
 1   4  0.00214704  0.00344227  0.00841880  0.02490881  0.03966400  0.06304044  0.13108773  0.32255892  0.70196416  1.41722327
 1   1  0.00394276  0.00842218  0.01775475  0.03839089  0.08047454  0.16669856  0.34588825  0.73099458  1.57989986  3.18146464
 1  34  0.00306178  0.00257695  0.00429966  0.01001392  0.01928654  0.02987917  0.05928650  0.09475435  0.20290667  0.44025905
 1  40  0.00596064  0.00315821  0.00666866  0.01310701  0.02395772  0.03998493  0.07935967  0.13720501  0.26676077  0.49843482
 1  28  0.00405586  0.00307161  0.00666511  0.01314588  0.02393795  0.03520404  0.07314328  0.12684181  0.27400899  0.56678691
 1  22  0.00523338  0.00314281  0.00589444  0.01243453  0.02253552  0.03842738  0.08669160  0.14128991  0.29029810  0.57787343
 1  46  0.00338882  0.00297185  0.00452169  0.01098385  0.02019027  0.03152433  0.05878301  0.09883313  0.20634624  0.43721653
 1  58  0.01266744  0.00595970  0.01080349  0.02030536  0.02781418  0.04134432  0.07593089  0.12157412  0.23587528  0.47377233
 1  52  0.00901617  0.01438424  0.00745749  0.02027672  0.02575139  0.03986614  0.07857064  0.12663193  0.23134158  0.50221465
 1  64  0.00798129  0.01301214  0.01404660  0.01434126  0.02949785  0.03868201  0.07685576  0.11846064  0.23983755  0.54487390
 2   2  0.00219835  0.00593466  0.01100468  0.02791025  0.04201531  0.08704540  0.19125380  0.37541969  0.96811037  2.59823974
 2  16  0.00247635  0.00252081  0.00435499  0.00995029  0.02078874  0.03564084  0.07540677  0.13893517  0.28459280  0.53977083
 2   4  0.00212711  0.00341360  0.00838449  0.02474117  0.03944197  0.06256402  0.12985209  0.32715835  0.65682013  1.42614709
 2  10  0.00202133  0.00238075  0.00502351  0.00989992  0.02547192  0.04766590  0.09307664  0.17380516  0.37583130  0.71811961
 2  22  0.00242255  0.00215235  0.00360501  0.00922824  0.01771508  0.02850320  0.05778112  0.09965017  0.25688860  0.54093463
 2  40  0.00719499  0.01121370  0.00936631  0.01720335  0.03010003  0.04440208  0.06669593  0.11695362  0.26624273  0.47964786
 2  28  0.00683397  0.00567783  0.01451579  0.01650717  0.03329448  0.04603229  0.07663544  0.12754411  0.26008495  0.49291321
 2  34  0.00779636  0.00722552  0.01173070  0.01935621  0.03019180  0.04383608  0.07580015  0.12433918  0.27371603  0.55222210
 2  64  0.01172333  0.01225641  0.01568575  0.01591688  0.03105210  0.04521392  0.08324223  0.13581778  0.25203493  0.50943632
 2  52  0.01219431  0.01143402  0.01521272  0.02204718  0.02978855  0.04422905  0.08895999  0.14169200  0.26451473  0.56099778
 2  58  0.01210717  0.01633839  0.01289178  0.01800528  0.02948978  0.04818141  0.08946706  0.13563366  0.25167854  0.54697176
 2  46  0.01490736  0.01172297  0.01025756  0.01972989  0.02812351  0.04568683  0.08277510  0.13567391  0.26397933  0.56391190
 4  16  0.00236079  0.00257941  0.00454964  0.01139623  0.02073741  0.03759809  0.07399282  0.13007739  0.28647614  0.57613799
 4  22  0.00306025  0.00275562  0.00476634  0.01089453  0.02235283  0.03569175  0.07010967  0.12055848  0.27172719  0.56160338
 4  10  0.00346750  0.00309712  0.00746058  0.01285891  0.03030608  0.05497899  0.09976206  0.18258917  0.41625094  0.67973928
 4   4  0.00212947  0.00388835  0.00979926  0.02788076  0.04291215  0.07357423  0.15962715  0.38706383  0.78168796  1.30457617
 4  28  0.00268670  0.00218361  0.00379168  0.00948304  0.01801589  0.02875787  0.05623184  0.09533851  0.22669910  0.50201196
 4  40  0.00354852  0.00310831  0.00447221  0.01099981  0.02141254  0.03386340  0.06322560  0.10699145  0.24199190  0.47453090
 4  46  0.01018499  0.01108214  0.00646368  0.01375098  0.02290222  0.03422068  0.06971046  0.11093326  0.25349304  0.52535336
 4  34  0.01176202  0.00578224  0.00783323  0.01447643  0.02424847  0.03749846  0.06536515  0.12738845  0.24584144  0.54616207
 4  52  0.00361289  0.00313733  0.00435432  0.01067211  0.02057028  0.03133491  0.06059860  0.10157229  0.20768778  0.47711948
 4  64  0.01243856  0.00919233  0.00900745  0.01894327  0.02859019  0.03899881  0.07782942  0.12145090  0.22551223  0.50073835
 4  64  0.00949844  0.01298633  0.01197685  0.01651065  0.02664947  0.04131012  0.07611461  0.11664692  0.21791328  0.52733841
 4  58  0.01121746  0.01314088  0.00942344  0.01903817  0.02731296  0.03957426  0.07755700  0.13113520  0.22678891  0.55287072
 6   6  0.00189654  0.00254701  0.00618166  0.01310289  0.03240337  0.05803594  0.10982008  0.21725894  0.41234178  0.98300778
 6  20  0.00244438  0.00259142  0.00450135  0.01075157  0.02034649  0.03120066  0.06375646  0.12131680  0.28600360  0.51280568
 6   8  0.00194260  0.00257861  0.00540209  0.01146523  0.03034432  0.04918711  0.09878688  0.18390489  0.37968323  0.77112614
 6  32  0.00289136  0.00237857  0.00380653  0.00950921  0.01830421  0.02823048  0.05675471  0.09442640  0.19677372  0.43311779
 6  56  0.00383879  0.00331724  0.00459540  0.01116427  0.02116612  0.03162818  0.06146956  0.10165269  0.20445610  0.46927407
 6  92  0.00556375  0.00568397  0.00793680  0.01469310  0.02631718  0.03640788  0.06857983  0.11587319  0.21226611  0.43321087
 6  80  0.00999107  0.00817106  0.01791371  0.02403213  0.02469407  0.04054000  0.07813414  0.12162356  0.25408859  0.52958551
 6  68  0.01155899  0.02015826  0.02050848  0.02079960  0.02542322  0.03883687  0.08351374  0.12685207  0.25108381  0.54390542
 6  44  0.00606572  0.01199549  0.00657217  0.01717281  0.02497118  0.02922288  0.06846295  0.12548244  0.25430518  0.56824090
 6 104  0.00650234  0.00715265  0.01020157  0.01417203  0.02554164  0.03706154  0.06242744  0.10982184  0.21404594  0.49860160
 6 128  0.01245860  0.01131688  0.01713925  0.02135511  0.03400644  0.03994728  0.08179798  0.12658437  0.25276173  0.56226502
 6 116  0.01109396  0.01159927  0.01793748  0.02293991  0.03233214  0.03993919  0.08024377  0.13088979  0.24955667  0.54841944
 8  20  0.00235573  0.00206650  0.00363779  0.00896805  0.01763427  0.02985000  0.06187011  0.10415537  0.22309989  0.44399205
 8   8  0.00203314  0.00351869  0.01916839  0.01143641  0.04283948  0.06957873  0.10109784  0.17577267  0.42087114  0.69607444
 8  32  0.00265202  0.00241443  0.00384367  0.00951687  0.01866880  0.02846202  0.05648554  0.09982331  0.20064515  0.45410133
 8  44  0.00353524  0.00280336  0.00416111  0.01039251  0.02042167  0.03041308  0.05948073  0.09773730  0.20436367  0.44000483
 8  80  0.00552391  0.00495622  0.00585420  0.01379238  0.02537342  0.03699101  0.07051624  0.11037684  0.22635608  0.49833307
 8  92  0.00680077  0.00731013  0.00716068  0.01454640  0.02711283  0.03885428  0.07278793  0.11611021  0.22500573  0.48110687
 8  68  0.01350833  0.00773041  0.00694987  0.01592829  0.02746764  0.04073464  0.07669134  0.12663965  0.23181034  0.49148831
 8  56  0.00687009  0.01312479  0.00981151  0.01567616  0.02823548  0.03882492  0.07285110  0.12385351  0.23123195  0.50132945
 8 104  0.00666941  0.00972737  0.00805174  0.01648091  0.02595543  0.03892944  0.07407545  0.12600489  0.22194271  0.50292959
 8 116  0.00618352  0.00783774  0.00831351  0.01536597  0.02757557  0.03878873  0.07662905  0.10731009  0.22254725  0.53251984
10  10  0.00199766  0.00227534  0.00455971  0.00965926  0.02147182  0.04742415  0.07524395  0.13610091  0.30696984  0.62785864
 8 128  0.01493594  0.00756013  0.01534220  0.01524844  0.03284135  0.04625723  0.08394120  0.14025234  0.27232191  0.57900832
 8 128  0.00771208  0.00880760  0.02248947  0.02023567  0.04898453  0.04428632  0.08323316  0.14121955  0.26788114  0.58428259
10  12  0.00208591  0.00252567  0.00418039  0.01004233  0.02010832  0.03782912  0.06973201  0.12301138  0.27728288  0.57391519
10  30  0.00281372  0.00231903  0.00386252  0.00934668  0.01810770  0.02835283  0.05687499  0.09362219  0.20103000  0.43520419
10  84  0.00559867  0.00563391  0.00637281  0.01537580  0.02572519  0.03456544  0.06420267  0.11253988  0.21378175  0.46016399
10  48  0.00351498  0.00291899  0.00435975  0.01114134  0.02252669  0.03620549  0.06525720  0.09500408  0.21687523  0.44104205
10  66  0.00843296  0.00663959  0.00836577  0.01285157  0.02795282  0.03307790  0.06307577  0.10911514  0.21149457  0.47638066
10 102  0.00663424  0.00625012  0.00782667  0.01535545  0.02649424  0.03851081  0.07115023  0.12007868  0.22177197  0.45538468
10 120  0.00760130  0.00762304  0.01076612  0.01551898  0.02960157  0.03876011  0.06940269  0.11281253  0.23985570  0.51955778
10 174  0.00522960  0.00322923  0.00562038  0.01162941  0.02190555  0.03299069  0.06100245  0.09981417  0.19681381  0.43131978
10 192  0.00568211  0.00324629  0.00535039  0.01163514  0.02166155  0.03287921  0.05838463  0.09472583  0.19139042  0.42512946
10 156  0.01846906  0.00731370  0.02339632  0.03289155  0.02883343  0.04668606  0.09284145  0.13954618  0.26614020  0.58309668
10 138  0.00799233  0.00714122  0.01499953  0.01687232  0.03121639  0.04242681  0.07736977  0.15119038  0.26121951  0.60152207
12  12  0.00208219  0.00250016  0.00413971  0.00915639  0.01877860  0.03786903  0.07143903  0.12158594  0.28274399  0.56256393
12  30  0.00266429  0.00242387  0.00391969  0.00984845  0.01858813  0.02956559  0.05814658  0.10166117  0.20625090  0.43684554
12  48  0.00346959  0.00288844  0.00425711  0.01042737  0.01900424  0.03055961  0.05775927  0.10253805  0.20571597  0.46273920
12  66  0.00498599  0.00425792  0.00534219  0.01367637  0.02301482  0.03442129  0.06412687  0.11067466  0.23548057  0.46632679
12  84  0.00624062  0.00503628  0.00754412  0.01376867  0.02521173  0.03685834  0.07150412  0.11553703  0.21530340  0.48893919
12 102  0.00663852  0.00732831  0.00618836  0.01497337  0.03014509  0.03828788  0.07461087  0.11583482  0.22630700  0.47422215
12 120  0.00620900  0.00901920  0.01251894  0.01585709  0.02975713  0.03820470  0.06850826  0.11847173  0.23550550  0.48692070
12 138  0.00843460  0.00784637  0.00973327  0.01929543  0.02699142  0.03961356  0.06899251  0.11973043  0.23057793  0.52142935
12 156  0.00771427  0.00711025  0.01106643  0.02283502  0.02754040  0.04269911  0.07577371  0.10150647  0.22874027  0.52337909
12 174  0.00538811  0.00326584  0.00533088  0.01174773  0.02051465  0.03430108  0.06742228  0.10345758  0.20660162  0.44026624
12 192  0.00578147  0.00307125  0.00571667  0.01166877  0.02071523  0.03072350  0.06317101  0.09917056  0.20409065  0.42707486
12 192  0.00560422  0.00310797  0.00540236  0.01176620  0.02085509  0.03375697  0.06198119  0.10203048  0.20790223  0.41870905
16  16  0.00224663  0.00217592  0.00368755  0.00948033  0.01826333  0.03020917  0.06407161  0.11084249  0.25485300  0.50494911
16  40  0.00320007  0.00338370  0.00460854  0.01113924  0.02008409  0.03055887  0.05834135  0.10842747  0.19808426  0.42036184
16  64  0.00440772  0.00352256  0.00522999  0.01126802  0.02139564  0.03371023  0.06140797  0.10579962  0.20261491  0.47098003
16 112  0.00636028  0.00727133  0.00830840  0.01702449  0.02644631  0.03957335  0.06752046  0.11205763  0.21107335  0.49353812
16  88  0.00543964  0.00634675  0.00902475  0.01459873  0.02566293  0.03833691  0.07011608  0.11664772  0.23562928  0.50882599
16 136  0.00841298  0.01051166  0.01268626  0.01897996  0.02986681  0.04087964  0.07581014  0.12908601  0.23120684  0.52026350
16 160  0.00923256  0.00876364  0.01498668  0.02277892  0.03122728  0.04209500  0.06928619  0.12427422  0.22963878  0.52357325
16 184  0.00541193  0.00327328  0.00537197  0.01138356  0.02058696  0.03341381  0.06147474  0.09966372  0.19782863  0.42927947
16 208  0.00594792  0.00329477  0.00555775  0.01121158  0.02275019  0.03573276  0.06263837  0.10149024  0.20875369  0.43879336
16 232  0.00628620  0.00308376  0.00546920  0.01158454  0.02240168  0.03531121  0.05930865  0.10078676  0.20619612  0.43302391
16 256  0.00667412  0.00326242  0.00532544  0.01121039  0.02192301  0.03454052  0.06021030  0.10575016  0.19894106  0.43719854
16 256  0.00689444  0.00335252  0.00549622  0.01184488  0.02258849  0.03438655  0.05913920  0.09449957  0.19622714  0.42426272
