 1   8  0.03125726  0.05397077  0.09394903  0.18185891  0.37136920  0.70382336
 1   4  0.03909507  0.06257907  0.13001727  0.31623092  0.65870240  1.33213451
 1   2  0.04204564  0.08710483  0.19537976  0.38545461  0.96955505  2.53653680
 1   1  0.08052901  0.16657844  0.35682744  0.72021313  1.51710977  3.16248868
 1  16  0.01865016  0.03142542  0.06605301  0.11181628  0.25788605  0.54634917
 1  32  0.02406138  0.04063156  0.07826961  0.12524534  0.21980574  0.49835538
 2   4  0.04751570  0.09394687  0.15977402  0.30418234  0.69572251  1.35520261
 2   2  0.05246172  0.10551703  0.26464543  0.43745892  1.12472863  2.57191754
 2   8  0.02871883  0.04892286  0.09089571  0.17991583  0.34698315  0.72098605
 2  16  0.02015937  0.03453035  0.06701856  0.11923872  0.25096866  0.51512656
 2  32  0.02276785  0.03281775  0.06061186  0.10834600  0.21196104  0.42678689
 2  64  0.02453796  0.03324478  0.06352055  0.10396056  0.20888094  0.43200533
 4   4  0.03948837  0.06255300  0.12959522  0.31505902  0.64836940  1.35005386
 4  16  0.02209197  0.03611579  0.06973340  0.13246854  0.28124561  0.49936690
 4   8  0.03206582  0.05035270  0.09942179  0.19723599  0.38945542  0.74091103
 4  32  0.02242403  0.03847357  0.07762763  0.10362609  0.24935888  0.55943266
 4  64  0.04725165  0.04589186  0.08602895  0.12269826  0.24557161  0.57273221
 4 128  0.05785063  0.04083475  0.09756486  0.13441703  0.25293366  0.58308642
 6   6  0.04735287  0.10306453  0.11132485  0.22213997  0.40563026  0.88024124
 6  48  0.02491636  0.03723452  0.06668708  0.11199063  0.22658050  0.50372373
 6  24  0.02142659  0.03789521  0.07032251  0.12083520  0.24655597  0.48163585
 6  12  0.02650295  0.04445499  0.09012203  0.17125648  0.32480767  0.66766069
 6 192  0.02599354  0.03475298  0.06698379  0.10389135  0.21300677  0.44962563
 6  96  0.02634968  0.03496621  0.06996192  0.11841873  0.22147859  0.50732724
 8   8  0.02603071  0.04864001  0.08712323  0.17176801  0.37602298  0.68875529
 8  16  0.02044727  0.03486492  0.06871890  0.11804861  0.29435790  0.51981574
 8  32  0.02142323  0.03537845  0.06321443  0.10811069  0.23908164  0.50691768
 8  64  0.02455319  0.03451742  0.06026372  0.11562152  0.20452117  0.48318267
 8 128  0.03566881  0.03908386  0.07484098  0.11564581  0.24442722  0.54332649
 8 256  0.03884924  0.03042922  0.05599272  0.10510033  0.24761665  0.49781481
10  10  0.02582968  0.04489031  0.08148144  0.16197356  0.35238439  0.66725154
10  20  0.01906766  0.03017715  0.05898499  0.10531612  0.22946626  0.44488928
10  40  0.02595283  0.03441922  0.06409968  0.10844443  0.23267229  0.44484855
10 160  0.04049022  0.04244676  0.07203328  0.12630211  0.22133665  0.53776127
10  80  0.02688397  0.03593977  0.06457482  0.11638583  0.23085952  0.51386013
10 320  0.03792436  0.04239734  0.07434265  0.10919928  0.20446980  0.43654502
12  12  0.02074923  0.03678327  0.07060940  0.12213956  0.27930158  0.56695199
12  24  0.01833498  0.02890963  0.05838579  0.09950248  0.21391744  0.44718013
12  48  0.02073686  0.03139196  0.05928503  0.10501758  0.20360736  0.43662618
12  96  0.02774950  0.03655322  0.07169524  0.11605499  0.24296243  0.49503982
12 192  0.02598675  0.02956700  0.05808197  0.09516704  0.19729942  0.43753198
12 384  0.02973707  0.02889250  0.05549329  0.10075335  0.20655065  0.44207559
16  16  0.01855369  0.03058244  0.06314216  0.11355768  0.24531576  0.50121283
16  32  0.01936985  0.02939059  0.05655983  0.09532720  0.20348648  0.43453091
16  64  0.02445650  0.03128369  0.06018249  0.10758622  0.22175737  0.46775641
16 128  0.03486125  0.03933453  0.07686015  0.13092813  0.22833042  0.49140560
16 256  0.02649066  0.03183285  0.05899931  0.09917708  0.19860686  0.43314188
16 512  0.03474795  0.03503695  0.06441222  0.10044190  0.20287868  0.44148679
18  18  0.01842065  0.03014291  0.06032319  0.11091889  0.24303952  0.46440805
18  36  0.01895138  0.02997079  0.05798768  0.09842692  0.20175975  0.44765466
18  72  0.02409294  0.03462129  0.06435975  0.10518389  0.20895063  0.45659890
18 288  0.02739389  0.02947638  0.05722525  0.10076017  0.20844239  0.41604395
18 144  0.03608184  0.04002843  0.06287419  0.10758956  0.22823349  0.54192422
18 576  0.03763558  0.03491078  0.06208189  0.09950696  0.20418583  0.44676424
20  20  0.01848476  0.02967551  0.06010090  0.10526424  0.22704283  0.44992119
20  40  0.02040138  0.02970683  0.05823205  0.10197098  0.20579899  0.43913778
20  80  0.02532424  0.03732591  0.06399524  0.10102964  0.21904222  0.48483081
20 160  0.03911385  0.03411064  0.07757233  0.11872438  0.22942702  0.51299745
20 320  0.02828586  0.03024418  0.05751618  0.09952057  0.20406977  0.43934844
20 640  0.03907194  0.03929322  0.07706419  0.14565865  0.31237338  0.46870443
