 1  10  0.00207005  0.00239190  0.00504562  0.01046396  0.02460475  0.04166746  0.08173320  0.14359692  0.33807899  0.69108341
 1   4  0.00212594  0.00343644  0.00841214  0.02471882  0.03946194  0.06263439  0.12989615  0.31623014  0.66349707  1.41157308
 1  16  0.00236317  0.00238161  0.00418100  0.01035227  0.01998750  0.03453052  0.07162356  0.12517865  0.29507487  0.50726692
 1   1  0.00399397  0.00842252  0.01776563  0.03825218  0.08046493  0.16665788  0.34775305  0.73331191  1.53660086  3.17424806
 1  34  0.00560467  0.00456110  0.00498482  0.01278547  0.02320670  0.03638595  0.07746612  0.13448546  0.25228650  0.57227544
 1  22  0.00242305  0.00215532  0.00389785  0.01434515  0.02388981  0.03284189  0.07005870  0.13008198  0.28069704  0.58460431
 1  28  0.00531486  0.00358170  0.00439406  0.01246012  0.02321783  0.03817895  0.08022641  0.12580125  0.26434178  0.58516335
 1  40  0.00459638  0.00363142  0.00514187  0.01753186  0.02906357  0.03380212  0.05891241  0.10358349  0.22870135  0.49326773
 1  46  0.00797978  0.00661114  0.00484231  0.01342061  0.02687316  0.04412756  0.06494387  0.11972779  0.22672038  0.53029265
 1  52  0.00409041  0.00337621  0.00729108  0.01797537  0.02418873  0.03207568  0.07184488  0.12569557  0.23374589  0.55499972
 1  58  0.00415247  0.00353017  0.00539103  0.01155085  0.02297233  0.03161006  0.06493247  0.11652774  0.26158179  0.42204823
 1  64  0.00454732  0.00511134  0.00605495  0.01449018  0.02575217  0.03555385  0.06695006  0.11197544  0.22730925  0.47176285
 2  10  0.00219075  0.00285210  0.00813353  0.01091593  0.02749829  0.04715019  0.08883065  0.14930116  0.36342105  0.67721606
 2   4  0.00291084  0.00674738  0.01445670  0.03330031  0.04965432  0.08204357  0.17843172  0.39150032  0.71330387  1.31677847
 2  22  0.00253242  0.00230507  0.00409396  0.00941425  0.01850989  0.03072399  0.06120913  0.10832662  0.23015489  0.46181716
 2  16  0.00221837  0.00231819  0.00379346  0.00930646  0.01936445  0.03146064  0.06527220  0.11319797  0.25671884  0.53102931
 2   2  0.00250476  0.00707515  0.01266896  0.03297134  0.04934396  0.10461209  0.22362220  0.44800558  1.06878147  2.58131350
 2  28  0.00351020  0.00335321  0.00535189  0.01163433  0.02278072  0.03589193  0.06813174  0.10058070  0.21873949  0.44809967
 2  34  0.00300727  0.00257871  0.00423697  0.00975619  0.01928818  0.03075998  0.05762302  0.09764383  0.20273494  0.43820862
 2  40  0.00326826  0.00273883  0.00429882  0.01064326  0.01941228  0.02944356  0.06080437  0.09622687  0.21230449  0.46734376
 2  52  0.00399482  0.00327210  0.00449790  0.01534382  0.02307162  0.03291305  0.07146242  0.11536540  0.22549412  0.52184312
 2  46  0.00352963  0.00301911  0.00446377  0.01087705  0.02330091  0.03468372  0.06271296  0.11229923  0.25798931  0.52294785
 2  58  0.00405821  0.00351742  0.00513989  0.01276422  0.02291039  0.03319472  0.06175133  0.10333264  0.20656290  0.44327927
 2  64  0.00447352  0.00365082  0.00480205  0.01295273  0.02232622  0.03217904  0.06179679  0.10897631  0.21155365  0.45382755
 4  16  0.00334536  0.00340984  0.00559995  0.01171480  0.02293047  0.03806898  0.07512068  0.12167647  0.31147884  0.61780433
 4  22  0.00303702  0.00296897  0.00467539  0.01177955  0.02262133  0.03722014  0.07444186  0.13102110  0.27258970  0.56164932
 4  10  0.00264413  0.00354536  0.00662403  0.01351541  0.02871662  0.05181015  0.10825850  0.17605657  0.39162129  0.74336594
 4   4  0.00213058  0.00345497  0.00912180  0.03188350  0.04575460  0.06890937  0.14324233  0.34464242  0.74050118  1.30996738
 4  40  0.00521223  0.00468373  0.00527485  0.01296081  0.02292271  0.03539488  0.06772325  0.11303367  0.23446853  0.53563251
 4  34  0.00293764  0.00244966  0.00428604  0.01310277  0.02301907  0.03221098  0.06160411  0.10347830  0.24520864  0.54305162
 4  28  0.00386136  0.00307541  0.00815733  0.01281730  0.02369392  0.03587869  0.07329191  0.12630187  0.25422417  0.55274518
 4  46  0.00425427  0.00609923  0.00622550  0.01336806  0.02154516  0.03265791  0.07367223  0.13015037  0.25575226  0.55647182
 4  64  0.01472703  0.01188890  0.01668420  0.02083375  0.02974154  0.04111818  0.07628223  0.13080252  0.26000700  0.54256330
 4  64  0.01955314  0.01215783  0.01424845  0.01772401  0.03152275  0.04060210  0.08134275  0.12964084  0.26434941  0.56018753
 4  52  0.01256528  0.01536091  0.01345325  0.02400010  0.02768569  0.04425351  0.07530712  0.13299487  0.25936189  0.55493947
 4  58  0.01766344  0.01488448  0.01368335  0.01864223  0.03045411  0.04110432  0.07915745  0.13029898  0.26476684  0.58647595
 6   6  0.00189258  0.00257622  0.00619269  0.01310718  0.03247776  0.05109499  0.10988911  0.22273394  0.41143300  0.84725315
 6   8  0.00193313  0.00256739  0.00538584  0.01139325  0.03012795  0.04875923  0.08734444  0.17477075  0.37778523  0.71975814
 6  44  0.00329352  0.00290566  0.00409625  0.01042394  0.01995607  0.02963096  0.05793547  0.10108102  0.20177789  0.45531799
 6  20  0.00231816  0.00201843  0.00362260  0.00900241  0.01796275  0.03108970  0.06717080  0.11414853  0.23389487  0.52174005
 6  32  0.00342986  0.00331041  0.00481630  0.01083377  0.02015851  0.03632195  0.05914130  0.10222308  0.22648608  0.50260893
 6  56  0.00412736  0.00306983  0.00494259  0.01138182  0.02063056  0.03209632  0.05692371  0.10441120  0.20669382  0.45639645
 6  68  0.00483915  0.00417888  0.00513121  0.01306373  0.02342770  0.03250645  0.06025618  0.10394955  0.20850791  0.46097047
 6  92  0.00599285  0.00547132  0.02534994  0.01302889  0.02731558  0.03518752  0.07752690  0.12670441  0.22201196  0.50250910
 6  80  0.00529625  0.00744070  0.00828708  0.01521455  0.02956731  0.03649954  0.06716037  0.10746659  0.23000889  0.52166891
 6 104  0.00651066  0.00705529  0.01194348  0.01662829  0.02777763  0.03846520  0.07255628  0.12386495  0.23171809  0.52702807
 6 116  0.00666265  0.00700119  0.01103833  0.01718577  0.02777580  0.03744618  0.07164572  0.11546537  0.22181369  0.51230663
 6 128  0.00898570  0.00690902  0.01178254  0.01643607  0.02905845  0.04161597  0.07569330  0.11746356  0.24076816  0.54212568
 8  32  0.00287921  0.00237315  0.00389002  0.00944602  0.01836102  0.02836428  0.05704845  0.09312245  0.20121605  0.42862277
 8  20  0.00239728  0.00216660  0.00368985  0.00914013  0.01783235  0.02940449  0.06047000  0.10375411  0.22747558  0.45645460
 8   8  0.00252891  0.00555959  0.00819343  0.01920439  0.03886318  0.06331974  0.10136458  0.18928494  0.40527504  0.69302771
 8  44  0.00330541  0.00296438  0.00434632  0.01083036  0.02034728  0.02975776  0.05734733  0.10155507  0.20963063  0.44510412
 8  68  0.00444728  0.00368325  0.00525173  0.01172692  0.02355961  0.03481793  0.06437153  0.11241490  0.21302306  0.49051236
 8  80  0.00525809  0.00794894  0.01201719  0.01321116  0.02807590  0.03503076  0.06738260  0.12612693  0.21096392  0.48409941
 8  56  0.00369673  0.00329691  0.00479728  0.01138578  0.02701784  0.03763533  0.06403869  0.09737626  0.22410920  0.49072582
 8  92  0.00616925  0.00713359  0.01023333  0.01442525  0.02645464  0.03536306  0.07044970  0.12275806  0.22481167  0.51841311
 8 104  0.00633908  0.00632772  0.01040189  0.01530030  0.02700976  0.03809093  0.07022377  0.11330879  0.22054577  0.48382393
 8 116  0.01285839  0.01525435  0.01510403  0.02797622  0.03115889  0.04280864  0.07752021  0.12038633  0.25975923  0.56215196
 8 128  0.01323128  0.01120327  0.02053409  0.02414497  0.03116360  0.04291719  0.08386439  0.11648907  0.24631355  0.55065219
 8 128  0.00639945  0.00888604  0.01072086  0.01759274  0.02777018  0.03971085  0.07754848  0.12178764  0.23690971  0.50215715
10  10  0.00200479  0.00263591  0.00455073  0.01036912  0.02296677  0.04760466  0.07852866  0.13985086  0.32239589  0.71140997
10  48  0.00351215  0.00278348  0.00425293  0.01041711  0.01946339  0.03039180  0.05753630  0.10057765  0.20392115  0.43129874
10  30  0.00280397  0.00241185  0.00411007  0.00981048  0.01867998  0.03028440  0.05933291  0.10982943  0.22345037  0.44011484
10  12  0.00209782  0.00251838  0.00417207  0.00914702  0.01968518  0.03758615  0.06884403  0.12341113  0.29187638  0.57371905
10  66  0.00450094  0.00355217  0.00541454  0.01215121  0.02188505  0.03382067  0.05966710  0.11037484  0.20235385  0.50032326
10 102  0.00630336  0.00665053  0.01082376  0.01649608  0.02619190  0.03738979  0.07491101  0.12635759  0.21990672  0.48053053
10 138  0.00884122  0.00903638  0.01126424  0.02033371  0.03079692  0.04439370  0.07501160  0.13815043  0.23267931  0.53600166
10  84  0.00680283  0.00587001  0.00826733  0.01834524  0.04088845  0.04420954  0.06691274  0.12530061  0.23121577  0.52974786
10 120  0.02234795  0.00615564  0.01497159  0.01874376  0.02911367  0.03769720  0.08420293  0.12039738  0.24913656  0.53912640
10 156  0.00840078  0.01214670  0.01315836  0.02275828  0.03036869  0.04309987  0.07900731  0.11944747  0.21882778  0.55236640
10 174  0.00523201  0.00343857  0.00533257  0.01175213  0.02020122  0.03248153  0.05846745  0.10552918  0.19729437  0.43042234
10 192  0.00577721  0.00336495  0.00537902  0.01172207  0.02166939  0.03615283  0.05938888  0.10457667  0.19831223  0.42612264
12  12  0.00209517  0.00245659  0.00417425  0.00967155  0.02018729  0.03972776  0.07400759  0.12448170  0.28552175  0.55942865
12  30  0.00273696  0.00245484  0.00379793  0.00963109  0.01882271  0.02938996  0.05731363  0.09541402  0.20706747  0.43617358
12  48  0.00343998  0.00302390  0.00490002  0.01105784  0.02048194  0.03102247  0.06396596  0.09953585  0.21206715  0.44732539
12  84  0.00553926  0.00720620  0.00632277  0.01432216  0.02721630  0.03651216  0.06674276  0.11283932  0.21312638  0.45275839
12  66  0.00487758  0.00489572  0.00550388  0.01362074  0.02141390  0.03537833  0.06544738  0.10849104  0.21715084  0.48614717
12 102  0.00646999  0.00636664  0.01072441  0.01575888  0.02725605  0.03643604  0.06954510  0.10749129  0.22067158  0.47775798
12 120  0.00651014  0.00634410  0.00936600  0.01636000  0.02986895  0.03697195  0.07616210  0.11395416  0.21036786  0.50592136
12 138  0.00736092  0.00765789  0.00964278  0.01776870  0.02594397  0.04094553  0.07525176  0.12195465  0.24664745  0.51759844
12 156  0.00954825  0.00952709  0.01581215  0.02331270  0.02993544  0.04184669  0.07589045  0.11000287  0.24092928  0.54771890
12 174  0.00518919  0.00304621  0.00543177  0.01152167  0.02237527  0.03328891  0.05951576  0.09608905  0.19737327  0.42310829
12 192  0.00568546  0.00340845  0.00555872  0.01148127  0.02013237  0.03109059  0.05662774  0.09437784  0.19492905  0.42138535
12 192  0.00567389  0.00331710  0.00552480  0.01155770  0.02280056  0.03400314  0.06104090  0.10015979  0.20411982  0.42465549
16  16  0.00223999  0.00219739  0.00366854  0.00911263  0.01835139  0.03067268  0.06594746  0.11291753  0.25618573  0.48934886
16  40  0.00306886  0.00253866  0.00413705  0.01018522  0.01903578  0.02958742  0.05684559  0.09853973  0.19597008  0.43561266
16  64  0.00434826  0.00463631  0.00534952  0.01342930  0.02311180  0.03326793  0.06659581  0.11192060  0.22017527  0.44574571
16  88  0.00584290  0.00651514  0.00632991  0.01548317  0.02616602  0.03674727  0.06990860  0.11759152  0.22778709  0.48671060
16 112  0.00736887  0.00735974  0.01215712  0.01805294  0.02778787  0.03889744  0.06468579  0.11149979  0.23244849  0.49214435
16 136  0.00814267  0.00994132  0.01324425  0.01702990  0.02996971  0.03526320  0.07625322  0.11638368  0.22343915  0.50652563
16 160  0.01037772  0.00954738  0.01442927  0.02336595  0.03137422  0.03809293  0.07092460  0.11998326  0.25372615  0.52541741
16 184  0.00549036  0.00343748  0.00527067  0.01147448  0.02163104  0.03117016  0.05944818  0.09744014  0.20000975  0.42649971
16 208  0.00639489  0.00366154  0.00591413  0.01211494  0.02311437  0.03525745  0.06228994  0.10876494  0.21074855  0.43192275
16 232  0.00634227  0.00314528  0.00525843  0.01177055  0.02176085  0.03210858  0.06134437  0.09653299  0.19364339  0.42790234
16 256  0.00728466  0.00325625  0.00559830  0.01183331  0.02307644  0.03603172  0.06112722  0.09458781  0.19221574  0.42272751
16 256  0.00666590  0.00335847  0.00561283  0.01107251  0.02197037  0.03474488  0.05482030  0.09354660  0.19484261  0.43264686
