nums_threads: 1 2 4 8 16 32 64 128 256 512 1024 2048 4096 
elm_cnts: 1000 2000 4000 6000 8000 10000 12000 14000 16000 18000 20000 22000 24000 26000 28000 30000 32000 34000 36000 38000 40000 42000 44000 46000 48000 50000 52000 54000 56000 58000 60000 62000 64000 66000 68000 70000 72000 74000 76000 78000 80000 82000 84000 86000 88000 90000 92000 94000 96000 98000 100000 102000 104000 106000 108000 110000 112000 114000 116000 118000 120000 122000 124000 126000 128000 
timings:
0.000779392 0.00143662 0.00309135 0.0050538 0.00566613 0.00875252 0.0101201 0.00843325 0.0128397 0.0135703 0.0174932 0.016301 0.0204768 0.023811 0.0194997 0.0206776 0.0227584 0.024104 0.0235917 0.0344907 0.0353442 0.0391967 0.0252359 0.0378845 0.0330587 0.0383634 0.0378322 0.0385829 0.0335755 0.0407914 0.0413364 0.0335832 0.0545611 0.0443759 0.0405964 0.0518293 0.0639636 0.0426843 0.066467 0.0708296 0.0582931 0.0703529 0.0595451 0.0639907 0.0539712 0.0706952 0.0550669 0.0795566 0.0625762 0.0621647 0.0906517 0.0820914 0.0876348 0.0820838 0.0819448 0.0882635 0.0820111 0.0948226 0.0721654 0.103498 0.0933981 0.10433 0.108127 0.111855 0.115444 
0.000817992 0.00111424 0.00325252 0.00463196 0.00454453 0.00521482 0.00823906 0.0120046 0.0119685 0.0104731 0.0185899 0.0124824 0.0189539 0.0188632 0.015022 0.0250517 0.0212292 0.0198313 0.0267621 0.022839 0.0313323 0.0393955 0.0265309 0.0329532 0.0457301 0.0369429 0.0488461 0.0406493 0.0460938 0.0359642 0.0338598 0.0575684 0.0405291 0.0624433 0.0602549 0.0520042 0.0603178 0.0408815 0.068781 0.0667043 0.0472079 0.0675228 0.0586872 0.0489583 0.0493996 0.0727401 0.0864703 0.0602688 0.0537409 0.0727959 0.0910327 0.0930303 0.0751818 0.0977543 0.0635298 0.0755998 0.0699368 0.0949017 0.106669 0.0865822 0.0951637 0.0689052 0.0892423 0.0925472 0.114188 
0.00086618 0.00113224 0.00328237 0.00465472 0.00455433 0.0052297 0.0083001 0.012011 0.0119964 0.0105383 0.0187012 0.0125532 0.0191056 0.0190144 0.0151774 0.0251532 0.0213009 0.0198108 0.0267845 0.0229377 0.0313171 0.039521 0.0264077 0.0329644 0.0457469 0.0369944 0.0488986 0.040393 0.0457661 0.0356318 0.0335633 0.057189 0.040237 0.0625004 0.0602238 0.0519025 0.0603717 0.0409657 0.0688572 0.0667837 0.0469088 0.0675556 0.0584197 0.048837 0.0493397 0.0726698 0.0861118 0.0598473 0.0534589 0.073014 0.091553 0.0934429 0.07592 0.0978921 0.0634635 0.0754447 0.0698951 0.0953072 0.107398 0.086279 0.0946168 0.0684069 0.088835 0.0922793 0.113784 
0.000918927 0.00112524 0.00327224 0.00465892 0.00463885 0.00518958 0.00820906 0.0119883 0.012041 0.010585 0.018488 0.0125244 0.0189832 0.0189654 0.0150898 0.0250488 0.0212358 0.0198587 0.0268857 0.0228559 0.0312482 0.0395364 0.0263866 0.0329175 0.0461887 0.036901 0.0494818 0.0405549 0.0461299 0.0358062 0.0335212 0.0574571 0.0404888 0.0625777 0.0606201 0.0519123 0.0600612 0.0408175 0.0684732 0.0659385 0.0467446 0.0673261 0.0587832 0.0485774 0.0489395 0.0728231 0.086111 0.0598674 0.0534433 0.0733316 0.0906618 0.0936392 0.0747883 0.10041 0.0637079 0.0764126 0.0696979 0.0941802 0.105448 0.0861112 0.0943926 0.0685751 0.089047 0.092256 0.117308 
0.00105431 0.00119816 0.00333153 0.00472232 0.00461739 0.00524864 0.00827625 0.0121134 0.012004 0.0105314 0.0186437 0.0124901 0.0192191 0.0189649 0.0150318 0.0252989 0.0214268 0.0198144 0.0267722 0.0230957 0.0315463 0.0392743 0.0263082 0.033204 0.0462638 0.0372233 0.0492526 0.040404 0.0458648 0.0356623 0.0335382 0.0572599 0.0402229 0.0632858 0.060644 0.0516311 0.0598903 0.041123 0.0683954 0.0663602 0.0472778 0.0680376 0.0587257 0.048515 0.0488422 0.0732069 0.0863825 0.0602581 0.0538117 0.0735966 0.0916029 0.0942573 0.0747223 0.099067 0.0636154 0.0756747 0.0703869 0.0946398 0.106539 0.0862773 0.0948231 0.068388 0.0901419 0.09353 0.114477 
0.00128543 0.00146402 0.00337499 0.0048351 0.00480335 0.00643311 0.00915173 0.0124671 0.0129311 0.0121575 0.0190409 0.0146436 0.0202395 0.0204453 0.0178978 0.0263263 0.0239251 0.022972 0.0289532 0.0265069 0.0335454 0.0400018 0.0303909 0.0362532 0.0468652 0.0400066 0.0498542 0.0436008 0.0479967 0.0407634 0.039488 0.0588645 0.0437701 0.0801834 0.0605692 0.064434 0.0628255 0.0442768 0.0701137 0.0834891 0.0544926 0.06809 0.0582147 0.0711897 0.0721537 0.0945259 0.0921415 0.0597934 0.0534278 0.0733914 0.0916926 0.0937155 0.0747421 0.0990372 0.0631927 0.0764889 0.0708496 0.0943828 0.106408 0.0860423 0.0948372 0.0684886 0.0903113 0.0937593 0.113843 
0.00231142 0.00180056 0.00400039 0.00541913 0.00583398 0.00590794 0.00869262 0.0158015 0.0132671 0.0107104 0.0190515 0.0127588 0.0244184 0.0194949 0.0169462 0.0258437 0.0269711 0.0202987 0.0271209 0.0285881 0.0319536 0.0399682 0.0327348 0.0335615 0.0495456 0.037997 0.0501874 0.0437847 0.0462211 0.0359581 0.0341479 0.0576233 0.0407549 0.0639389 0.0611414 0.0519534 0.0603002 0.0415008 0.0688914 0.0665906 0.0474436 0.071535 0.0596419 0.0492346 0.0492746 0.0775547 0.0872575 0.0606521 0.0629309 0.0744791 0.0926373 0.0947936 0.0816477 0.099699 0.0637698 0.0767747 0.079921 0.0990725 0.107389 0.0868931 0.101187 0.0692744 0.0905244 0.094339 0.11745 
0.00375529 0.00378475 0.0057007 0.00691275 0.00662996 0.00735304 0.0103568 0.013579 0.0142096 0.0133313 0.0199891 0.0172444 0.0262115 0.025465 0.0223521 0.0327869 0.0306574 0.0207439 0.0281094 0.0289808 0.0377294 0.051395 0.0335513 0.0337758 0.0469837 0.0373521 0.0502006 0.0514557 0.0586005 0.0457459 0.0349544 0.0753383 0.0449151 0.0650456 0.0636986 0.056923 0.064002 0.0467009 0.0824116 0.0678956 0.0482444 0.0694984 0.0622736 0.0501057 0.0508812 0.0749281 0.0885337 0.0600359 0.0602404 0.075986 0.111746 0.0966678 0.0773521 0.101974 0.0776537 0.077671 0.0713731 0.0961257 0.10816 0.0877022 0.0955933 0.0737475 0.0913292 0.0948375 0.115739 
0.00442244 0.00211303 0.00442746 0.00589861 0.00546705 0.00592232 0.00868687 0.0125477 0.0124686 0.0110466 0.0191774 0.0130888 0.01972 0.0194928 0.01548 0.0256848 0.0220543 0.0205063 0.027235 0.0236539 0.0321739 0.0396825 0.0268327 0.034189 0.0465195 0.0378473 0.0497446 0.0412284 0.0461507 0.0361243 0.0341421 0.0582127 0.0412674 0.0640834 0.0612673 0.0519017 0.060257 0.0425142 0.0700918 0.0667735 0.0479953 0.068434 0.0604696 0.0491044 0.0492359 0.0736177 0.0872303 0.0603122 0.0541018 0.0744674 0.0921845 0.0939883 0.0757426 0.0991211 0.0635495 0.0760533 0.0711283 0.0958634 0.106464 0.0863375 0.0957319 0.0689863 0.0913046 0.0944645 0.114449 
0.00147914 0.00174822 0.00367988 0.00510306 0.00512776 0.00568336 0.00875587 0.0125873 0.0125203 0.0109535 0.0190456 0.0132602 0.0197472 0.0191918 0.0156471 0.0259659 0.0220393 0.0203014 0.0271357 0.0234731 0.0322081 0.03959 0.0269499 0.0335786 0.0464248 0.0378897 0.0499759 0.0408373 0.0465532 0.0361273 0.0341955 0.0577925 0.0411653 0.0646416 0.0619763 0.0520593 0.0612865 0.0416761 0.0699636 0.0675913 0.0480499 0.0684916 0.0608325 0.0488743 0.0494638 0.0748924 0.0884273 0.061334 0.0537582 0.0738636 0.092265 0.0940761 0.0763116 0.100836 0.0642321 0.07725 0.0723264 0.0946175 0.108762 0.0866562 0.0949099 0.0704319 0.0921309 0.0934155 0.11418 
0.00138584 0.00155515 0.00373492 0.00511554 0.00512183 0.00566392 0.00875068 0.0127436 0.0127443 0.0109551 0.0191102 0.0128663 0.0200022 0.0193672 0.015484 0.0257335 0.022343 0.0206134 0.0276041 0.0239047 0.0319904 0.0401675 0.0272427 0.0335512 0.0472116 0.0376688 0.0497309 0.0408367 0.046797 0.0371612 0.0341513 0.0576711 0.0407495 0.0645318 0.0611296 0.0521992 0.0606242 0.0417039 0.07032 0.068463 0.0476924 0.0684687 0.059404 0.0501255 0.0497169 0.0736727 0.0864866 0.0602346 0.0547045 0.0737539 0.0928964 0.094226 0.075714 0.099797 0.0636931 0.0767518 0.071771 0.0945774 0.106763 0.0871908 0.0950478 0.0693059 0.0903267 0.0937756 0.115815 
0.00123552 0.00162906 0.00389751 0.00510239 0.00523685 0.00566533 0.00871557 0.0128096 0.0125608 0.010968 0.0189585 0.0130038 0.0196843 0.0193496 0.0154379 0.0257187 0.0218451 0.0204761 0.0272189 0.0236539 0.0319517 0.0399648 0.0268455 0.03379 0.0465722 0.0377418 0.049652 0.0409917 0.0465603 0.0361519 0.0341707 0.0581274 0.0406319 0.0644057 0.0609955 0.0527471 0.0603106 0.0421141 0.0694074 0.067558 0.0475154 0.0690821 0.0601218 0.050113 0.0495147 0.074192 0.0874856 0.060164 0.0539275 0.0739694 0.0922478 0.0942382 0.0783415 0.0992556 0.0643088 0.0774571 0.0719808 0.0963029 0.107047 0.0867664 0.0958685 0.0692644 0.0906628 0.0945013 0.114155 
0.00132332 0.00179293 0.00363498 0.00516536 0.00506287 0.00568846 0.0087438 0.0126524 0.0126319 0.0110027 0.0190476 0.012986 0.0198011 0.0193142 0.0155834 0.0262333 0.0219586 0.0203297 0.0273292 0.0235935 0.0320678 0.0424506 0.0268393 0.0340767 0.0466312 0.0376387 0.050392 0.0409786 0.0464229 0.0365482 0.0345816 0.0584922 0.0407167 0.0634233 0.0611099 0.0543749 0.0603143 0.0418511 0.068912 0.066761 0.048254 0.0690224 0.0593503 0.0491927 0.0497481 0.073675 0.0879057 0.0608067 0.0545877 0.0744315 0.092709 0.0941884 0.0754889 0.0990092 0.0642436 0.0761479 0.0707184 0.0954668 0.107413 0.0878172 0.0953959 0.0687071 0.0923977 0.0949994 0.11416 
