nums_threads: 1 2 4 6 8 10 12 14 16 18 20 22 24 26 28 30 32 34 36 38 40 42 44 46 68 50 52 54 56 58 60 62 64 66 68 70 72 74 76 78 80 82 84 86 88 90 92 94 96 98 100 102 104 106 108 120 122 124 126 128 
elm_cnts: 1000 2000 4000 6000 8000 16000 32000 64000 128000 256000 
timings:
0.000746004 0.00145046 0.00310791 0.00504662 0.0056911 0.0128268 0.0219599 0.0545536 0.114941 0.241508 
0.000826759 0.00111621 0.0033526 0.00464003 0.00456493 0.0123967 0.0213401 0.0413233 0.116667 0.187229 
0.000836544 0.00112178 0.00325516 0.00462779 0.00454652 0.0119882 0.0212792 0.0402304 0.113606 0.182233 
0.000850981 0.00112027 0.00326605 0.00463335 0.00457537 0.011998 0.0212929 0.0402661 0.113687 0.182114 
0.000864165 0.0011249 0.00326762 0.0046903 0.00461229 0.0120208 0.0214548 0.0399636 0.113848 0.180912 
0.000929879 0.00114874 0.00331393 0.00471119 0.0046377 0.0124281 0.0215118 0.0402997 0.113779 0.182072 
0.000953836 0.00111933 0.00329941 0.0047269 0.00461325 0.0120555 0.0215222 0.0403499 0.114801 0.182599 
0.000922706 0.00112503 0.00331683 0.00468406 0.00460143 0.0120333 0.0214222 0.0404771 0.113662 0.181884 
0.000934474 0.00117839 0.00332118 0.00505016 0.00460942 0.0120184 0.0214602 0.040179 0.113814 0.182133 
0.000914956 0.00136952 0.00334839 0.00503252 0.0046184 0.0120644 0.0214886 0.0402681 0.113795 0.182119 
0.000920799 0.00118867 0.0033427 0.00501977 0.00546649 0.0119344 0.0256049 0.0405092 0.114505 0.186821 
0.000948306 0.00142524 0.00335509 0.00502304 0.00544645 0.0119115 0.0255906 0.0391609 0.114493 0.182128 
0.00100215 0.00141365 0.00345192 0.00506128 0.00543193 0.0120633 0.0217802 0.040555 0.114897 0.182148 
0.00101864 0.00141818 0.00337352 0.00479691 0.00483223 0.0123653 0.0215686 0.0403138 0.113797 0.182846 
0.00100379 0.0013798 0.00424733 0.00583551 0.00649498 0.0128292 0.0237593 0.0455664 0.117391 0.199525 
0.000996359 0.00122754 0.00353508 0.00504911 0.0054501 0.0129212 0.0237501 0.0454878 0.117332 0.199386 
0.0010936 0.00145961 0.00357413 0.00507601 0.00546042 0.0129052 0.0217907 0.0403554 0.117152 0.182377 
0.00109327 0.00145234 0.00353872 0.00504756 0.00481486 0.0121548 0.0216822 0.0456325 0.115374 0.185849 
0.00110307 0.00145842 0.0035569 0.00509296 0.00486256 0.0123295 0.0238357 0.0406668 0.115287 0.199872 
0.00110325 0.0014495 0.00356173 0.00519342 0.00485985 0.0122623 0.023815 0.0406849 0.116694 0.183535 
0.0012022 0.00159617 0.00359702 0.00509347 0.00485514 0.0129592 0.0218989 0.045749 0.114793 0.196796 
0.0011182 0.00144206 0.0035383 0.00507501 0.00561836 0.0129155 0.0237827 0.047755 0.118154 0.182493 
0.00120003 0.00157357 0.00370623 0.00521995 0.00500379 0.0123696 0.0214416 0.0406068 0.115034 0.182337 
0.00122947 0.00159553 0.0036934 0.00524141 0.0049497 0.0123762 0.0215519 0.0478463 0.115777 0.183997 
0.00206968 0.00182522 0.00399807 0.00542632 0.00586429 0.0125356 0.0216455 0.047985 0.137171 0.204272 
0.00115103 0.00158587 0.00371929 0.00522353 0.00563988 0.0123793 0.0219921 0.0406119 0.113826 0.182202 
0.00134502 0.00170606 0.00382326 0.00535858 0.00573612 0.0125074 0.0217456 0.040417 0.113961 0.182412 
0.00133697 0.0016653 0.00382748 0.00529517 0.00572681 0.0123375 0.0217522 0.0405646 0.114482 0.182424 
0.00131539 0.00167569 0.00378749 0.00538611 0.0057424 0.0123642 0.0217609 0.0408571 0.114055 0.182291 
0.00131071 0.00167507 0.00384821 0.00533824 0.00573737 0.0131455 0.024075 0.0408981 0.119276 0.200126 
0.00132772 0.00166959 0.00382798 0.00532693 0.00573446 0.0123001 0.0220459 0.0395188 0.113748 0.182174 
0.00146787 0.00182363 0.00398276 0.00550424 0.00577881 0.0123279 0.0240594 0.0395677 0.117498 0.181174 
0.00148622 0.00183403 0.00394674 0.00532296 0.00590885 0.0124472 0.0220315 0.0400604 0.117428 0.180862 
0.00153288 0.00183325 0.00400127 0.00549304 0.00587448 0.0124384 0.0219104 0.0399656 0.113677 0.199779 
0.00152125 0.00180252 0.00400087 0.0054383 0.00588472 0.0125699 0.0220621 0.0399804 0.114726 0.200006 
0.00148847 0.00179952 0.00397446 0.00543686 0.00530521 0.0134493 0.0220378 0.041164 0.115152 0.184103 
0.00167987 0.0019328 0.00410678 0.00566977 0.00606446 0.0127087 0.0221097 0.0411786 0.114098 0.182239 
0.00167539 0.00196232 0.00410487 0.00560409 0.00601588 0.0127982 0.0220555 0.0412274 0.115222 0.184488 
0.00164454 0.00194125 0.00411622 0.00555181 0.00600477 0.0128463 0.0222958 0.0411656 0.115298 0.184421 
0.00162811 0.00199937 0.00410204 0.0056251 0.00603179 0.0127892 0.0224275 0.041283 0.115417 0.184377 
0.00268819 0.00305541 0.00507483 0.00607166 0.00625533 0.013474 0.0243813 0.0460941 0.117595 0.182771 
0.00265232 0.00281633 0.00489378 0.00562909 0.00605666 0.0121782 0.0216535 0.040581 0.115206 0.184865 
0.00283941 0.00306688 0.00518851 0.00619882 0.00645607 0.0123592 0.0220469 0.0416073 0.115113 0.183944 
0.0027696 0.00304362 0.00516699 0.00615631 0.00649614 0.013682 0.0223409 0.041205 0.114798 0.187568 
0.00280238 0.00312314 0.00515609 0.00585539 0.00604639 0.0134312 0.0222101 0.0420108 0.115409 0.182376 
0.00276492 0.00325574 0.00522308 0.00560293 0.00604272 0.0127445 0.0220206 0.0413674 0.116448 0.189323 
0.0027613 0.00323924 0.00506938 0.00748834 0.00476867 0.0122226 0.0222052 0.0413299 0.120854 0.18686 
0.00275349 0.00315967 0.00512769 0.00619305 0.00632476 0.0125654 0.0219921 0.0413184 0.115274 0.186619 
0.00268905 0.00299223 0.00512627 0.00635892 0.00633979 0.0124757 0.0222909 0.0416282 0.11684 0.201945 
0.00270599 0.00298389 0.00514257 0.00558819 0.00605185 0.0153796 0.0272182 0.0411614 0.128871 0.184965 
0.00273471 0.00199858 0.00417802 0.00563437 0.00606436 0.0124524 0.0219954 0.0410898 0.115838 0.1877 
0.00277449 0.00305721 0.00508736 0.00624139 0.00607729 0.0153663 0.0219236 0.0514687 0.115328 0.198106 
0.00277427 0.00323804 0.00504596 0.00618111 0.00576221 0.0124948 0.0221119 0.0412994 0.115851 0.185621 
0.0028496 0.0030194 0.00561112 0.00696135 0.00629585 0.0125866 0.0219194 0.0410169 0.115121 0.202512 
0.00274062 0.00342252 0.00562615 0.00686518 0.00578091 0.0130936 0.024101 0.0460666 0.118825 0.201642 
0.00296269 0.00339752 0.00521509 0.00630823 0.00662361 0.0166272 0.0219609 0.0408852 0.116862 0.18551 
0.00284686 0.00492863 0.00435172 0.00619799 0.00640785 0.0158069 0.0220687 0.0414663 0.115396 0.216998 
0.00278995 0.00308719 0.00516963 0.00620704 0.00645463 0.0165731 0.0220683 0.0412719 0.115522 0.186003 
0.00275158 0.00311193 0.00656763 0.00492209 0.00590744 0.0136335 0.0225915 0.0465658 0.116163 0.189779 
0.00287256 0.0031855 0.00511832 0.00635679 0.00644005 0.01368 0.0221319 0.0415533 0.116055 0.185698 
