nums_threads: 1 2 4 6 8 10 12 14 16 18 20 22 24 26 28 30 32 34 36 38 40 42 44 46 68 50 52 54 56 58 60 62 64 66 68 70 72 74 76 78 80 82 84 86 88 90 92 94 96 98 100 102 104 106 108 120 122 124 126 128 
elm_cnts: 1000 2000 4000 6000 8000 16000 32000 64000 128000 256000 
timings:
0.000571994 0.00125061 0.00256918 0.00392178 0.00524999 0.0109139 0.022406 0.0458219 0.0940302 0.186787 
0.00115256 0.00245168 0.00444491 0.00679761 0.00933739 0.0186695 0.037696 0.0740123 0.152319 0.294215 
0.00153142 0.00351641 0.00596198 0.0117413 0.0152193 0.0307644 0.0703273 0.107475 0.247209 0.473646 
0.00224464 0.00461761 0.00794703 0.0153587 0.0179882 0.0352384 0.0814784 0.153217 0.301015 0.542199 
0.00232952 0.00497977 0.00827067 0.015293 0.0191174 0.0392156 0.07648 0.163861 0.308608 0.589229 
0.00304348 0.00625126 0.0119772 0.020287 0.023664 0.0540182 0.101015 0.202049 0.422397 0.755273 
0.00296346 0.00558379 0.0105642 0.0175475 0.0212936 0.0437364 0.0873977 0.181886 0.412128 0.730338 
0.0041951 0.00814586 0.0144832 0.0277491 0.0305652 0.0667738 0.146737 0.288834 0.530848 1.01488 
0.00409164 0.00903494 0.0191134 0.0302962 0.0342143 0.0839628 0.146772 0.272078 0.647925 1.03252 
0.00477006 0.0095149 0.0165956 0.0287928 0.0340102 0.0701759 0.13103 0.289056 0.519475 0.984352 
0.00394582 0.00779064 0.0152187 0.0240667 0.0312487 0.0657403 0.12153 0.265157 0.523568 1.02431 
0.00485822 0.00841699 0.017874 0.02783 0.0311339 0.0775587 0.139344 0.334713 1.00193 1.31002 
0.00605325 0.0105953 0.0224814 0.0383996 0.0414581 0.0901569 0.182632 0.378129 0.785687 1.61144 
0.00599309 0.0104645 0.0226169 0.0386077 0.0409591 0.100466 0.18937 0.364306 0.765153 1.39001 
0.00457652 0.00930915 0.0183608 0.026535 0.0317013 0.0701444 0.136856 0.293989 0.622643 1.21812 
0.0060032 0.0107844 0.0215894 0.0325894 0.0415728 0.0884342 0.176566 0.372058 0.737493 1.29801 
0.00648704 0.0111336 0.0240499 0.0356276 0.04376 0.0970902 0.182479 0.396706 0.736604 1.45778 
0.0064213 0.0119639 0.0217948 0.0325245 0.0422338 0.101154 0.166981 0.35698 0.82738 1.69099 
0.00768436 0.013413 0.0246446 0.0422114 0.0563892 0.1182 0.230285 0.47972 0.923437 1.83612 
0.00693832 0.014486 0.0273323 0.0443366 0.051849 0.11647 0.220066 0.455097 0.930872 1.83336 
0.00851222 0.0129698 0.0269578 0.0473697 0.0563387 0.116704 0.237282 0.503587 0.983245 1.87129 
0.00615075 0.0135869 0.0281207 0.045617 0.0535491 0.11811 0.224443 0.449984 0.928892 1.63245 
0.00736352 0.0140584 0.0280452 0.0442103 0.0565536 0.119676 0.230912 0.500546 1.01886 2.02381 
0.00827123 0.0141987 0.0300363 0.0458577 0.0591049 0.129399 0.23488 0.506064 1.05262 2.08623 
0.0102331 0.0188399 0.0362636 0.054886 0.0693521 0.144898 0.280157 0.584341 1.17308 2.41587 
0.00857172 0.0157714 0.030529 0.0478296 0.0610129 0.127141 0.256062 0.50997 1.01699 2.00853 
0.0085971 0.0154072 0.029294 0.0445981 0.0626241 0.122145 0.252423 0.516748 1.06169 2.19671 
0.00955 0.016451 0.0344971 0.0499814 0.0652276 0.141221 0.265849 0.560876 1.15772 2.23382 
0.00915093 0.0169801 0.0334154 0.052385 0.0651759 0.144158 0.262829 0.55006 1.1491 2.27747 
0.00933881 0.0173564 0.0330541 0.0491439 0.0651476 0.136602 0.275776 0.557046 1.13548 3.52918 
0.00943697 0.0167547 0.0344532 0.0534004 0.0655174 0.142217 0.270828 0.572797 1.13806 2.27878 
0.00926551 0.017665 0.0331944 0.0509047 0.0704916 0.131143 0.274899 0.559464 1.12722 2.2432 
0.01073 0.0178487 0.033473 0.0529623 0.0695533 0.139861 0.264255 0.565885 1.14134 2.32857 
0.0102322 0.0190765 0.0372282 0.0551193 0.0703415 0.145338 0.285012 0.575954 1.15368 2.29308 
0.00992068 0.0183185 0.0372054 0.0533861 0.0734025 0.146026 0.281889 0.591318 1.19107 2.36932 
0.0106203 0.0178987 0.0351349 0.0557375 0.0732938 0.145905 0.290381 0.593131 1.20729 2.39154 
0.0110643 0.0189004 0.0376094 0.0584744 0.0707542 0.148678 0.28218 0.596282 1.20383 2.37953 
0.00978633 0.0185844 0.0364128 0.0554952 0.0727276 0.147221 0.28246 0.798898 1.21153 2.37542 
0.010581 0.0193642 0.0373685 0.054463 0.0744708 0.152586 0.288914 0.617451 1.20512 3.20269 
0.010356 0.0187559 0.0383814 0.0582454 0.0736557 0.150645 0.297807 0.612141 1.23256 2.40068 
0.0105459 0.0194131 0.039274 0.0584609 0.072035 0.147852 0.295281 0.589244 1.21308 2.6256 
0.010525 0.0197935 0.0385411 0.057101 0.0752141 0.154993 0.306703 0.610628 1.24192 2.47582 
0.0102235 0.0200494 0.0382168 0.0598367 0.0755939 0.151581 0.305763 0.59737 1.24226 2.46093 
0.00847423 0.0157916 0.0299082 0.0461425 0.0589161 0.11612 0.232571 0.477302 0.948036 1.88626 
0.0117872 0.0208635 0.0408446 0.0597265 0.0774834 0.154703 0.296212 0.629423 1.24811 2.48776 
0.0107974 0.019729 0.0401976 0.0585986 0.0772193 0.154267 0.29552 0.623797 1.24734 2.45087 
0.0110355 0.0197306 0.0410181 0.0588937 0.0782376 0.151501 0.302333 0.617256 1.42476 2.57349 
0.0114348 0.0208508 0.0392377 0.0613676 0.0793781 0.159575 0.303572 0.631984 1.27275 2.51728 
0.0117171 0.021719 0.0416427 0.0621727 0.0786784 0.160395 0.306025 0.616522 1.26539 2.50267 
0.0118671 0.0209924 0.041116 0.0607291 0.0794517 0.158115 0.314239 0.632258 1.28319 2.53608 
0.0118896 0.0215955 0.042365 0.0604738 0.0803887 0.157622 0.31072 0.628603 1.27472 2.50468 
0.00974575 0.0165143 0.0322851 0.0478288 0.0601139 0.121607 0.240674 0.479957 0.9599 1.92311 
0.0123952 0.0223878 0.0416805 0.0609892 0.0802459 0.162767 0.315499 0.640728 1.27675 2.56266 
0.0118409 0.0217883 0.0415413 0.061287 0.0824688 0.16212 0.304477 0.623785 1.29038 2.55257 
0.0117285 0.0215567 0.0426819 0.0612397 0.0799276 0.158913 0.314925 0.638232 1.28564 2.58374 
0.0133445 0.0238251 0.0443826 0.0628886 0.0844762 0.163133 0.326675 0.659386 1.30133 2.61451 
0.0109468 0.0179271 0.0327524 0.0500028 0.0647509 0.124887 0.245013 0.491577 1.14965 1.94248 
0.0138794 0.0223709 0.043191 0.0664558 0.0825659 0.167539 0.322396 0.649998 1.32298 2.63347 
0.0130219 0.0235705 0.0447355 0.0643811 0.0844961 0.164876 0.331609 0.670322 1.32341 2.59889 
0.0102053 0.0165319 0.0327435 0.047387 0.0637658 0.124866 0.24478 0.491848 0.980947 5.47222 
