nums_threads: 1 2 4 6 8 10 12 14 16 18 20 22 24 26 28 30 32 34 36 38 40 42 44 46 68 50 52 54 56 58 60 62 64 66 68 70 72 74 76 78 80 82 84 86 88 90 92 94 96 98 100 102 104 106 108 120 122 124 126 128 
elm_cnts: 1000 2000 4000 6000 8000 16000 32000 64000 128000 256000 
timings:
0.000381975 0.000917533 0.00190127 0.00266052 0.0037792 0.00746794 0.0155112 0.032019 0.0665746 0.144731 
0.00069337 0.0013419 0.00263921 0.00404038 0.00528168 0.010373 0.0220817 0.0417758 0.0906588 0.165277 
0.000849318 0.00187372 0.00320797 0.0062056 0.00796536 0.0162069 0.0364347 0.0565241 0.130912 0.252275 
0.00103499 0.0024694 0.0042503 0.00841005 0.00960165 0.0187043 0.0433725 0.0864416 0.15838 0.288443 
0.00136471 0.00257423 0.00455512 0.0081333 0.0102442 0.0206558 0.0414742 0.0867974 0.163917 0.30894 
0.00153435 0.00286289 0.00592814 0.0109246 0.0129555 0.026819 0.049113 0.105467 0.213542 0.376846 
0.00154879 0.00276292 0.00554048 0.00944206 0.0109366 0.023018 0.0458067 0.096042 0.239424 0.377361 
0.0021697 0.00387838 0.008344 0.0135052 0.016036 0.0320275 0.0619962 0.13757 0.259625 0.507638 
0.00220499 0.00398637 0.00860075 0.0134651 0.0152788 0.0336084 0.0692288 0.137078 0.269265 0.477656 
0.00241034 0.00490231 0.00850838 0.0129447 0.016123 0.0321555 0.0617956 0.129976 0.263785 0.485615 
0.00231838 0.00381604 0.00788507 0.0130536 0.0162084 0.0342777 0.0661668 0.134336 0.273661 0.50775 
0.00245394 0.00418935 0.00837341 0.0134986 0.0159804 0.0342707 0.0649942 0.141371 0.280308 0.53193 
0.00264331 0.00442923 0.00972035 0.0140349 0.0168366 0.0406431 0.0722685 0.154702 0.340709 0.636389 
0.00308069 0.00520194 0.0111052 0.0161565 0.0216335 0.0453731 0.0778423 0.166944 0.339002 0.667662 
0.00271131 0.00491109 0.00926171 0.0148136 0.0190004 0.0405901 0.0802569 0.171886 0.349925 0.567498 
0.0030208 0.00522538 0.0110298 0.0168787 0.0204629 0.0432542 0.0829555 0.144683 0.291323 0.582583 
0.00310506 0.00540758 0.0119426 0.0176223 0.0220047 0.0425823 0.0773614 0.155815 0.303992 0.591109 
0.00259862 0.00508448 0.0100682 0.014521 0.0184654 0.0396115 0.0775476 0.158999 0.31356 0.615806 
0.00270933 0.00502367 0.0101917 0.0153517 0.0192684 0.0413423 0.0790508 0.158718 0.330628 0.671903 
0.00295066 0.00558998 0.0110691 0.0171694 0.0209776 0.041244 0.078985 0.165969 0.332518 0.664188 
0.00327598 0.00620649 0.0123355 0.0181882 0.0238769 0.0464436 0.0936603 0.181329 0.403429 0.821661 
0.00394698 0.00691736 0.0147569 0.0222951 0.0247943 0.0519935 0.108135 0.225453 0.422688 0.766545 
0.0031972 0.00658287 0.0126674 0.0192087 0.0250538 0.0504013 0.101463 0.203656 0.416581 0.664904 
0.00345599 0.00614812 0.0119212 0.0182647 0.0234335 0.04509 0.0872531 0.16881 0.34591 0.658085 
0.00454791 0.00726276 0.0132429 0.0187904 0.0239059 0.0478463 0.0934304 0.199522 0.4037 0.830375 
0.00362362 0.00631168 0.0132923 0.0202651 0.0251766 0.0557547 0.10812 0.214079 0.454316 0.871248 
0.00451498 0.00825636 0.0149119 0.0219208 0.0305923 0.0622587 0.113753 0.265613 0.502328 1.07373 
0.00445756 0.00812473 0.0156092 0.0239458 0.030506 0.0632735 0.126376 0.262018 0.512302 0.963617 
0.00399265 0.00732929 0.0143552 0.0217896 0.0268833 0.0604796 0.118744 0.238862 0.489905 0.920778 
0.00436213 0.00689402 0.0157011 0.0233029 0.0307216 0.0586653 0.117117 0.250175 0.510176 0.94794 
0.004258 0.00768366 0.0159334 0.0223304 0.0324675 0.0590142 0.119711 0.268695 0.539737 1.05108 
0.00470781 0.00894484 0.014907 0.024883 0.031924 0.0655396 0.126301 0.236096 0.47717 0.822993 
0.00347057 0.00695343 0.0140615 0.0207165 0.027125 0.0610633 0.110117 0.208475 0.430296 0.741352 
0.00394652 0.00765892 0.0141522 0.0206168 0.0262807 0.0545149 0.0984529 0.190012 0.36649 0.7266 
0.00361147 0.00654442 0.0132122 0.01943 0.0239302 0.0458849 0.0912785 0.184431 0.37159 0.791585 
0.0038872 0.00717698 0.0137299 0.0228072 0.028634 0.0621864 0.108821 0.226061 0.504285 0.936724 
0.00343512 0.00706019 0.0117632 0.0200283 0.0273163 0.0545366 0.110125 0.21379 0.438898 0.796939 
0.00497746 0.0087766 0.0155792 0.0256139 0.0329956 0.0685005 0.130924 0.27189 0.541984 0.938287 
0.00448166 0.00839135 0.0151295 0.0242601 0.0315807 0.0649242 0.115294 0.240535 0.496536 1.0177 
0.00489451 0.00801702 0.0168403 0.0255347 0.0306087 0.0667497 0.126181 0.248795 0.537088 1.75106 
0.0048928 0.00920853 0.0178065 0.0273159 0.0348809 0.0680695 0.142158 0.283147 0.584475 1.12494 
0.00390485 0.00729834 0.0147493 0.0216284 0.0290246 0.0525976 0.104424 0.223919 0.415499 0.756814 
0.00454672 0.00700403 0.012724 0.020681 0.0257721 0.0452108 0.0993205 0.184035 0.362283 0.792019 
0.00526768 0.00873746 0.0177098 0.02282 0.0333572 0.0628009 0.124625 0.260582 0.558316 1.07836 
0.00430859 0.00736906 0.0147391 0.0218941 0.0277 0.0557542 0.104684 0.208167 0.4621 0.864673 
0.00556626 0.00976004 0.018618 0.0261351 0.035579 0.0699758 0.14844 0.290166 0.566062 1.14475 
0.00548039 0.00891598 0.017513 0.0280047 0.0312109 0.0724527 0.13538 0.285308 0.572684 1.14187 
0.00588542 0.0100732 0.019817 0.0275244 0.036836 0.0732736 0.145828 0.300655 0.611914 1.19212 
0.00598108 0.0101763 0.0198876 0.0299382 0.039622 0.0767275 0.14811 0.326239 0.644144 1.28327 
0.0078127 0.00987001 0.0207543 0.0319977 0.0397209 0.0740035 0.149373 0.318054 0.608908 1.16233 
0.009436 0.00976748 0.020454 0.0297898 0.0396674 0.0765454 0.141671 0.300668 0.59696 1.18101 
0.00759619 0.0118157 0.021176 0.0313769 0.039522 0.076346 0.151906 0.309023 0.624556 1.23868 
0.00675751 0.0112024 0.0216305 0.0311193 0.0406025 0.0769872 0.148605 0.321424 0.658867 1.25231 
0.00795078 0.0111449 0.0200529 0.0314693 0.0415656 0.0755272 0.156134 0.318626 0.649565 1.23492 
0.00538699 0.00904013 0.0168021 0.0238384 0.031825 0.061011 0.12265 0.239958 0.505048 1.01791 
0.00749231 0.0121705 0.0221317 0.0339823 0.0447143 0.0867723 0.164699 0.336349 0.677814 1.35271 
0.00847216 0.0126241 0.0239499 0.0350449 0.0458824 0.0861639 0.168663 0.338899 0.680478 1.31472 
0.00804809 0.0137835 0.0244474 0.0353283 0.0464863 0.087138 0.164263 0.336409 0.664908 1.34693 
0.0066405 0.00975854 0.0189835 0.0266524 0.0356804 0.0657746 0.129615 0.258684 0.522013 1.03766 
0.00840271 0.0127545 0.0237067 0.0352852 0.0449506 0.0878728 0.172927 0.345031 0.685871 1.33295 
