nums_threads: 1 2 4 6 8 10 12 14 16 18 20 22 24 26 28 30 32 34 36 38 40 42 44 46 68 50 52 54 56 58 60 62 64 66 68 70 72 74 76 78 80 82 84 86 88 90 92 94 96 98 100 102 104 106 108 120 122 124 126 128 
elm_cnts: 1000 2000 4000 6000 8000 16000 32000 64000 128000 256000 
timings:
0.000382414 0.000911746 0.00174129 0.00265759 0.00389517 0.00748765 0.015512 0.0320071 0.0667243 0.145298 
0.000701498 0.00135239 0.00263686 0.00405632 0.0052492 0.0103531 0.021917 0.041181 0.0905687 0.164137 
0.00085164 0.00191076 0.00324726 0.00620505 0.00806602 0.0160173 0.0367739 0.0569705 0.132044 0.254012 
0.000992296 0.00237579 0.00429703 0.00832304 0.00962372 0.0186679 0.0435019 0.0803458 0.160358 0.283586 
0.00133331 0.00260136 0.00498062 0.00811256 0.0102566 0.0207231 0.0416648 0.0858506 0.165383 0.315475 
0.0017822 0.00343544 0.00630475 0.0108508 0.0126454 0.0280832 0.0550372 0.109872 0.211887 0.386422 
0.00144975 0.00301523 0.00554237 0.00923869 0.0105555 0.024926 0.0439587 0.0960377 0.185701 0.361873 
0.00187542 0.00370551 0.00706363 0.0119837 0.0130505 0.0304181 0.0579035 0.109661 0.234521 0.458249 
0.00211678 0.00401417 0.00762245 0.0118173 0.0141522 0.0319238 0.059899 0.127316 0.248916 0.490712 
0.00224248 0.00417303 0.0080945 0.0124054 0.015401 0.0323376 0.06211 0.125728 0.255307 0.532131 
0.0025665 0.00485083 0.00894394 0.0143862 0.0163539 0.0391565 0.0659625 0.14921 0.307654 0.550064 
0.00247109 0.0046543 0.00918397 0.0139498 0.0179588 0.037641 0.0727608 0.156023 0.307567 0.629094 
0.00346339 0.00574071 0.0108693 0.0183541 0.0216498 0.0498078 0.0970517 0.210049 0.424412 0.815437 
0.00350143 0.00658018 0.0118558 0.0194269 0.024212 0.0544542 0.105038 0.213985 0.404128 0.794035 
0.00297286 0.00542561 0.0102552 0.0170537 0.0215252 0.0460017 0.0903626 0.176233 0.354211 0.609837 
0.00289899 0.0059994 0.0099193 0.0160381 0.0201889 0.0454102 0.0841532 0.189262 0.357965 0.693174 
0.00337659 0.0065157 0.0140693 0.0205322 0.0241782 0.0544026 0.111631 0.221266 0.451444 0.957084 
0.00387151 0.00682672 0.0142271 0.0227983 0.0277045 0.0599216 0.113594 0.246373 0.501018 0.945134 
0.00373012 0.0078519 0.0150909 0.0238149 0.0299175 0.0615756 0.116562 0.244846 0.471528 0.913204 
0.00377507 0.00688386 0.0146184 0.0200535 0.025474 0.0555782 0.106141 0.235149 0.475737 0.852718 
0.00411752 0.00647118 0.0143152 0.0238342 0.026673 0.0572732 0.100622 0.21401 0.425827 0.812993 
0.00373367 0.00683661 0.0148197 0.0218128 0.0269056 0.0570443 0.113061 0.24329 0.491721 1.41501 
0.00411181 0.00849899 0.0161531 0.025539 0.0328298 0.0622834 0.115671 0.257054 0.535838 1.01672 
0.00454007 0.00776227 0.0160752 0.0236063 0.0318154 0.0643754 0.12728 0.266044 0.535243 1.04006 
0.00560962 0.0092063 0.0173891 0.0261872 0.0329895 0.0675646 0.129048 0.277969 0.558674 1.02247 
0.00453412 0.00819007 0.0160399 0.0245342 0.0295491 0.0585098 0.12483 0.255668 0.499438 1.00756 
0.00422792 0.00830404 0.0156055 0.0262125 0.0324043 0.0672128 0.134767 0.271642 0.560465 1.10392 
0.00472148 0.00788365 0.0179 0.0272573 0.0341158 0.0707214 0.135576 0.278001 0.54263 1.05434 
0.00483763 0.00888534 0.0163903 0.0266353 0.0321473 0.0618129 0.131658 0.263098 0.510777 0.912299 
0.00422593 0.00768406 0.0163835 0.0258601 0.0310518 0.0663712 0.117932 0.254319 0.493106 1.02583 
0.00421862 0.00776849 0.0172353 0.0260505 0.0315574 0.0690855 0.12299 0.26602 0.52246 1.08287 
0.00501539 0.00834637 0.0180125 0.0256704 0.0323841 0.0659337 0.132724 0.279245 0.556147 1.11028 
0.00514085 0.00831649 0.0174628 0.0252083 0.033451 0.069329 0.13297 0.262637 0.538039 1.07686 
0.00423646 0.0095064 0.0168277 0.0270975 0.0323409 0.0700947 0.122926 0.272402 0.541804 1.10244 
0.00468991 0.00912388 0.0179942 0.0255119 0.0314502 0.0671144 0.135626 0.282573 0.561131 1.1617 
0.00415795 0.00818956 0.0143031 0.0215934 0.0294211 0.0587817 0.113794 0.237312 0.464139 0.927094 
0.00576164 0.00961674 0.0181726 0.0284464 0.0358547 0.0748282 0.145033 0.284645 0.576314 1.13139 
0.00496968 0.00993292 0.018874 0.028424 0.0367878 0.0633109 0.141732 0.288365 0.556089 1.11509 
0.00395753 0.00739021 0.0148556 0.0216711 0.0291569 0.0576353 0.112642 0.233246 0.459387 0.918993 
0.00411248 0.00763698 0.0159281 0.022616 0.029169 0.0578807 0.115637 0.236336 0.476471 0.949074 
0.00648457 0.0105052 0.0207002 0.0303113 0.0380711 0.0785735 0.144701 0.315072 0.611728 1.1956 
0.00625202 0.00971309 0.0191442 0.0289313 0.0364278 0.0780737 0.14531 0.291495 0.58701 1.19592 
0.00539282 0.00934552 0.0183764 0.0276368 0.0381709 0.0753913 0.15315 0.302343 0.608964 2.29792 
0.00572433 0.0105385 0.0196135 0.0291909 0.0390797 0.0799209 0.147889 0.297826 0.573336 1.15394 
0.00668377 0.0101615 0.0185258 0.0273813 0.0369835 0.076102 0.145338 0.275591 0.571918 1.09923 
0.00518913 0.00973371 0.0177838 0.0264332 0.0345418 0.0689244 0.129257 0.290344 0.619264 1.21789 
0.00581069 0.0110291 0.0208529 0.0274892 0.0403601 0.0805305 0.154824 0.313213 0.639115 1.21843 
0.00652695 0.0108332 0.0201637 0.0286482 0.0392927 0.0769642 0.147199 0.306897 0.606931 1.17709 
0.00621291 0.0100878 0.0195412 0.029016 0.0402642 0.0736428 0.150081 0.300651 0.597893 1.23491 
0.0059723 0.00983533 0.0208806 0.0298574 0.0368385 0.081978 0.156977 0.312032 0.646199 1.25507 
0.0064902 0.0118151 0.0227538 0.0309643 0.0415413 0.0815655 0.163244 0.321587 0.664951 1.27879 
0.00569718 0.0088825 0.0163663 0.0249357 0.0329114 0.0636112 0.127358 0.256965 0.503039 0.999814 
0.00742639 0.0107009 0.0206598 0.0320338 0.0402047 0.0830969 0.161888 0.33329 0.659425 1.29446 
0.0073383 0.0108439 0.0217261 0.0330406 0.04211 0.0870167 0.165276 0.333315 0.656582 1.31477 
0.00780678 0.0116549 0.0216982 0.0332095 0.0431608 0.0855244 0.162777 0.330594 0.658714 1.29348 
0.00811805 0.0124865 0.0229389 0.0337412 0.0446234 0.085514 0.16695 0.338414 0.677784 1.34586 
0.00837616 0.0122992 0.0215495 0.0338738 0.0438538 0.0866243 0.170793 0.337561 0.678244 1.35069 
0.00864991 0.0124142 0.023544 0.0346947 0.0446326 0.0870948 0.170855 0.343834 0.687158 1.36654 
0.00769861 0.0098522 0.0177856 0.0250705 0.0345234 0.0660205 0.125892 0.255187 0.499917 1.01577 
0.00912572 0.014312 0.0255917 0.0344074 0.0456401 0.0895543 0.166706 0.343527 0.681652 1.37194 
