nums_threads: 1 2 4 6 8 10 12 14 16 18 20 22 24 26 28 30 32 34 36 38 40 42 44 46 68 50 52 54 56 58 60 62 64 66 68 70 72 74 76 78 80 82 84 86 88 90 92 94 96 98 100 102 104 106 108 120 122 124 126 128 
elm_cnts: 1000 2000 4000 6000 8000 16000 32000 64000 128000 256000 
timings:
0.00226528 0.00463607 0.00982802 0.0160254 0.0185927 0.0361214 0.0728996 0.147138 0.304028 0.618217 
0.00393765 0.0111179 0.0135187 0.0252742 0.0343977 0.0547934 0.115017 0.233405 0.464535 0.972094 
0.00536411 0.0106995 0.0218964 0.0277677 0.0375521 0.077275 0.146801 0.341262 0.661161 1.19306 
0.0051463 0.00930201 0.019686 0.0243049 0.0348212 0.0778724 0.131853 0.263122 0.509304 1.06096 
0.00388138 0.00838561 0.0182864 0.0235837 0.0332195 0.065849 0.120718 0.26579 0.489415 1.03593 
0.00363208 0.00757651 0.0157617 0.0219121 0.0310629 0.0577574 0.122586 0.23916 0.473029 0.985262 
0.00349674 0.00741519 0.0154879 0.0211624 0.0296426 0.060413 0.116681 0.226348 0.46331 0.958702 
0.00380868 0.00719044 0.0146343 0.0218284 0.0296579 0.0595269 0.11628 0.231718 0.46649 0.965592 
0.00356315 0.00756211 0.0144619 0.0215598 0.0288451 0.0595815 0.116846 0.233424 0.475823 0.956889 
0.00357927 0.00732063 0.0142071 0.0231865 0.0289796 0.0607236 0.117956 0.23987 0.467021 1.69754 
0.00381666 0.00733287 0.0149042 0.0228677 0.0296379 0.0610936 0.122179 0.248526 0.570609 1.21645 
0.00391631 0.00665989 0.0295399 0.0229388 0.0299592 0.0603555 0.122956 0.249555 0.776912 1.30687 
0.00377611 0.00768935 0.0147141 0.0230434 0.0295275 0.0634023 0.125464 0.249313 0.503262 0.995009 
0.00405625 0.00765899 0.014694 0.0237632 0.029862 0.0634598 0.121713 0.254158 0.506501 1.01205 
0.00433208 0.0084957 0.0148124 0.0235807 0.0306554 0.0646569 0.127557 0.259317 0.515176 1.02506 
0.00396656 0.00777448 0.0155216 0.0241103 0.0309373 0.064708 0.126038 0.256242 0.512265 1.01821 
0.00407714 0.00808618 0.015716 0.0234439 0.0310068 0.0639878 0.127553 0.252807 0.512525 1.01451 
0.00441625 0.0079621 0.015337 0.0243654 0.0315626 0.0650133 0.129663 0.25888 0.50776 1.02119 
0.00415885 0.00799921 0.0158353 0.0238968 0.0310434 0.0637211 0.127495 0.251683 0.510797 1.7595 
0.00424785 0.00788922 0.0153741 0.0230421 0.0316724 0.0632075 0.128541 0.253461 0.511166 1.02534 
0.0042761 0.00787462 0.0163137 0.0236769 0.0323126 0.06265 0.127817 0.249895 0.527066 1.02633 
0.00437668 0.00804685 0.0158886 0.0238509 0.0320078 0.0628948 0.12814 0.249315 0.498252 1.01049 
0.00399798 0.00823933 0.0161718 0.0228879 0.0319226 0.0607963 0.125683 0.254726 0.519839 0.996743 
0.00427105 0.00793596 0.0155564 0.0234807 0.032158 0.0603618 0.121745 0.244845 0.465501 0.99278 
0.00564877 0.0080953 0.0145589 0.0215399 0.0283557 0.0526586 0.108411 0.255953 0.529675 0.869001 
0.00429363 0.00788629 0.0154203 0.0226516 0.0315967 0.0589614 0.120348 0.241419 0.452118 0.964619 
0.004378 0.00820775 0.014667 0.023487 0.0303827 0.0593292 0.123374 0.238215 0.539833 1.00001 
0.00430797 0.00828679 0.0153185 0.0223652 0.0299468 0.056551 0.120607 0.237853 0.455903 0.959336 
0.00442857 0.00856908 0.0151451 0.02211 0.0306233 0.058025 0.118967 0.233252 0.535584 0.966644 
0.0045377 0.0077571 0.0155912 0.0221396 0.0298397 0.0560599 0.117206 0.234479 0.445943 0.913288 
0.00479014 0.00804964 0.0157814 0.0230866 0.0294087 0.0576263 0.118654 0.225572 0.529235 0.961735 
0.00416807 0.00785979 0.0140807 0.0220973 0.0282614 0.0542582 0.113782 0.219898 0.455574 0.895282 
0.00415285 0.00775942 0.015635 0.0209118 0.0293378 0.0535672 0.110053 0.223321 0.468223 0.991161 
0.00483901 0.00774647 0.014724 0.022145 0.0278937 0.0540619 0.111003 0.210044 0.412238 0.86152 
0.00480676 0.0072419 0.0148588 0.021333 0.0285939 0.0537851 0.198341 0.272996 0.473229 1.02801 
0.00443555 0.00816045 0.0152636 0.0216342 0.0288877 0.0572552 0.1149 0.21644 0.412865 0.871053 
0.00474111 0.00769884 0.0155158 0.0213166 0.0284975 0.0544652 0.109875 0.209511 0.501015 1.02046 
0.00532241 0.00762761 0.0161749 0.0234365 0.0287947 0.0568333 0.115187 0.228603 0.432464 1.12398 
0.00475603 0.00862898 0.0147003 0.0228918 0.0280273 0.0564167 0.109778 0.235816 0.505704 1.06278 
0.00562616 0.00947849 0.0158266 0.021412 0.0289987 0.0578346 0.108142 0.219123 0.405183 0.846189 
0.00706852 0.0102814 0.0172612 0.0236612 0.0313944 0.057878 0.111747 0.212486 0.42753 0.957782 
0.00719604 0.0107571 0.0179858 0.0252284 0.0324333 0.0569961 0.111678 0.22425 0.423033 1.09082 
0.00831498 0.00997485 0.0180195 0.023951 0.0312969 0.0589174 0.110187 0.231032 0.436051 0.97209 
0.00868061 0.0122631 0.0188345 0.025892 0.0325291 0.0615697 0.113822 0.217915 0.448348 0.827313 
0.00743418 0.0110888 0.0182891 0.0240616 0.0299194 0.0583069 0.115532 0.226552 0.457033 0.987381 
0.00842481 0.0115864 0.0191399 0.0283507 0.0368715 0.0670888 0.129903 0.23139 0.454147 0.891542 
0.0100307 0.0116191 0.0176314 0.0267254 0.0305387 0.0584663 0.120135 0.233878 0.446003 0.903443 
0.00896922 0.0122039 0.0205778 0.0282507 0.0366317 0.0669452 0.13026 0.265096 0.4261 0.895456 
0.00911269 0.0111984 0.017324 0.0242665 0.0318496 0.0597449 0.112635 0.223878 0.499035 0.874725 
0.00750352 0.011002 0.0188545 0.0261999 0.0348095 0.0670917 0.132337 0.261998 0.451535 0.901323 
0.00740664 0.0106419 0.0172153 0.0234274 0.0300715 0.0548724 0.110388 0.216039 0.430632 0.877447 
0.00807574 0.0109434 0.01683 0.0232338 0.028737 0.0529039 0.104005 0.270782 0.503788 1.10105 
0.0074975 0.0108025 0.0169872 0.0242384 0.0307918 0.0535627 0.103715 0.208599 0.474465 0.851526 
0.0065936 0.0101221 0.0157307 0.0228246 0.0295924 0.0591745 0.110543 0.231899 0.50669 0.872845 
0.0086116 0.0113065 0.017641 0.024223 0.0307033 0.0564117 0.108325 0.202985 0.426455 0.938786 
0.00780579 0.0118877 0.0177997 0.0225776 0.0301468 0.0551993 0.111545 0.21394 0.442346 0.905826 
0.00844558 0.0110411 0.017822 0.0244925 0.0308744 0.0861014 0.235115 0.232047 0.481524 1.09866 
0.00730201 0.0090356 0.0162702 0.0226135 0.0291865 0.0574661 0.130194 0.340303 0.497918 0.844559 
0.01026 0.0112681 0.0179089 0.0261621 0.031814 0.0585783 0.114965 0.220994 0.465283 0.928005 
0.00962389 0.0128086 0.0174966 0.0261731 0.0324844 0.0583729 0.115718 0.214886 0.659128 1.16194 
