nums_threads: 1 2 4 6 8 10 12 14 16 18 20 22 24 26 28 30 32 34 36 38 40 42 44 46 68 50 52 54 56 58 60 62 64 66 68 70 72 74 76 78 80 82 84 86 88 90 92 94 96 98 100 102 104 106 108 120 122 124 126 128 
elm_cnts:
        1000        2000        4000        6000        8000       16000       32000       64000      128000      256000      512000     1024000     2048000
timings:
  0.00019400  0.00040509  0.00088788  0.00136765  0.00186304  0.00391130  0.00838952  0.01771858  0.03808319  0.08022206  0.16592395  0.34458159  0.74290692
  0.00025327  0.00042694  0.00088086  0.00119663  0.00115432  0.00217458  0.00601849  0.01116257  0.02819109  0.04256077  0.08829062  0.19395897  0.38691930
  0.00026681  0.00043865  0.00068761  0.00092264  0.00090043  0.00208432  0.00346772  0.00853278  0.02508467  0.03999025  0.06390562  0.13245614  0.32168403
  0.00026660  0.00043579  0.00068464  0.00093087  0.00090359  0.00181497  0.00264021  0.00633509  0.01346237  0.03298263  0.05951856  0.11275388  0.22753978
  0.00027393  0.00043440  0.00070848  0.00096661  0.00091610  0.00186553  0.00263522  0.00568058  0.01107933  0.02915523  0.04862532  0.09074624  0.18124213
  0.00029620  0.00042845  0.00068698  0.00096998  0.00094319  0.00183094  0.00269673  0.00485566  0.01043562  0.02336924  0.04336805  0.07810841  0.13841807
  0.00028421  0.00043973  0.00072793  0.00103202  0.00096812  0.00189294  0.00247873  0.00435061  0.01032051  0.02000850  0.03851770  0.07422421  0.12464602
  0.00028394  0.00047135  0.00072482  0.00102885  0.00098354  0.00192055  0.00223057  0.00405600  0.00941015  0.01924818  0.03339517  0.06941241  0.12369869
  0.00027642  0.00045049  0.00075083  0.00104719  0.00102770  0.00199361  0.00225634  0.00414983  0.00953382  0.01874572  0.03286621  0.06508813  0.11070415
  0.00027554  0.00047533  0.00076547  0.00105034  0.00101463  0.00199104  0.00222393  0.00379163  0.00908902  0.01848785  0.03064120  0.06020310  0.11035662
  0.00029939  0.00046255  0.00069817  0.00098834  0.00101665  0.00203710  0.00223387  0.00372999  0.00926763  0.01745744  0.02997452  0.05806378  0.09929030
  0.00030831  0.00048864  0.00074163  0.00104443  0.00099999  0.00193426  0.00216088  0.00375604  0.00902180  0.01798232  0.02912215  0.05875241  0.09927159
  0.00026580  0.00051653  0.00074598  0.00106837  0.00106663  0.00203009  0.00212686  0.00358703  0.00905776  0.01764792  0.02901643  0.05647589  0.09972238
  0.00029970  0.00049134  0.00091413  0.00124485  0.00114602  0.00220508  0.00229613  0.00371004  0.00905822  0.01759502  0.02796764  0.05540589  0.09531173
  0.00029996  0.00052629  0.00081100  0.00116705  0.00108000  0.00204094  0.00227703  0.00362434  0.00912065  0.01907157  0.02809449  0.05647936  0.09252702
  0.00033584  0.00048368  0.00087734  0.00114215  0.00106993  0.00208417  0.00221095  0.00371176  0.00911214  0.01836955  0.02785768  0.05446479  0.09148709
  0.00036472  0.00056736  0.00082516  0.00116302  0.00105164  0.00220030  0.00220621  0.00373864  0.00923934  0.01804136  0.02843642  0.05322984  0.08999878
  0.00028968  0.00055809  0.00089507  0.00126754  0.00116829  0.00218039  0.00228709  0.00380056  0.00931319  0.01837612  0.02836103  0.05483219  0.09186923
  0.00030233  0.00062633  0.00089414  0.00118867  0.00113543  0.00227962  0.00231599  0.00371177  0.00905907  0.01872422  0.02860528  0.05512171  0.09365796
  0.00037664  0.00053070  0.00092080  0.00120852  0.00127872  0.00227859  0.00233437  0.00409070  0.00949519  0.01851398  0.02901419  0.05487294  0.09496237
  0.00033269  0.00052857  0.00097776  0.00127492  0.00125350  0.00235461  0.00242672  0.00391250  0.00992713  0.01901689  0.02929612  0.05313432  0.09014901
  0.00028433  0.00060927  0.00085707  0.00131610  0.00120298  0.00239908  0.00235697  0.00384879  0.01012981  0.01906227  0.02872718  0.05297053  0.09418697
  0.00028018  0.00061974  0.00086799  0.00134799  0.00127051  0.00222446  0.00241091  0.00376139  0.00967098  0.01811266  0.02918673  0.05424300  0.09802422
  0.00042810  0.00063657  0.00110340  0.00152806  0.00136341  0.00233431  0.00258165  0.00384575  0.00982538  0.01872096  0.02853024  0.05333125  0.09726211
  0.00099558  0.00082359  0.00120068  0.00171494  0.00191933  0.00311556  0.00348157  0.00498946  0.01141846  0.02193668  0.03253836  0.06247948  0.09346941
  0.00031580  0.00072058  0.00098988  0.00144622  0.00155883  0.00241105  0.00272306  0.00414361  0.01062309  0.01935760  0.02850809  0.05656407  0.10314604
  0.00026884  0.00069859  0.00112140  0.00145643  0.00145630  0.00292129  0.00258904  0.00395314  0.01014124  0.01911039  0.03025574  0.05385227  0.09785853
  0.00036041  0.00064050  0.00117343  0.00136424  0.00138739  0.00301708  0.00292589  0.00424011  0.01049709  0.01896855  0.02879922  0.05435542  0.09857463
  0.00044321  0.00072152  0.00102060  0.00130015  0.00158446  0.00292317  0.00280489  0.00408783  0.01102452  0.01844804  0.02891848  0.05809996  0.09780011
  0.00037673  0.00058612  0.00103424  0.00150426  0.00157500  0.00308662  0.00318026  0.00428551  0.01098908  0.02138786  0.02965901  0.05810103  0.09817781
  0.00047676  0.00083825  0.00128412  0.00154227  0.00167619  0.00334903  0.00292408  0.00433269  0.01072594  0.02078486  0.03112427  0.05873926  0.09451063
  0.00051733  0.00086055  0.00127377  0.00170450  0.00165292  0.00303916  0.00323748  0.00459452  0.01106417  0.02157361  0.03116558  0.05978272  0.08569558
  0.00032757  0.00077401  0.00118671  0.00142144  0.00158718  0.00289463  0.00281388  0.00431488  0.01134164  0.02045026  0.03190979  0.05721965  0.10767646
  0.00049254  0.00077074  0.00111672  0.00162318  0.00171991  0.00316604  0.00340311  0.00463788  0.01105485  0.02181165  0.03189073  0.05944546  0.10478624
  0.00043566  0.00077630  0.00099842  0.00157406  0.00167220  0.00307844  0.00330716  0.00456517  0.01175430  0.02175213  0.03064513  0.05573046  0.10205993
  0.00055962  0.00086969  0.00117693  0.00169120  0.00186065  0.00331614  0.00301810  0.00475326  0.01324116  0.02149851  0.03179700  0.05989095  0.10378521
  0.00045802  0.00085872  0.00142586  0.00178185  0.00169987  0.00361731  0.00353377  0.00492090  0.01193361  0.02213942  0.03234761  0.05832471  0.10614231
  0.00050481  0.00080768  0.00133877  0.00202476  0.00192979  0.00312820  0.00346874  0.00556147  0.01217788  0.02240611  0.03244841  0.05812708  0.10186840
  0.00048462  0.00084587  0.00111246  0.00187313  0.00194678  0.00370316  0.00374093  0.00606372  0.01251290  0.02257926  0.03236394  0.06061834  0.09957625
  0.00052938  0.00095502  0.00155146  0.00184113  0.00187458  0.00335587  0.00364212  0.00576396  0.01254779  0.02189603  0.03419654  0.05997629  0.10798228
  0.00053396  0.00094959  0.00151297  0.00185147  0.00172200  0.00342537  0.00356953  0.00614948  0.01248909  0.02353350  0.03405176  0.06182402  0.10813120
  0.00057706  0.00097216  0.00174838  0.00184576  0.00193122  0.00324911  0.00366792  0.00583223  0.01358563  0.02313393  0.03364290  0.06087122  0.10468407
  0.00058744  0.00096755  0.00123440  0.00174059  0.00210273  0.00364852  0.00361415  0.00598255  0.01448955  0.02581564  0.03444503  0.07134694  0.10140531
  0.00055978  0.00094430  0.00126037  0.00210072  0.00212802  0.00383236  0.00392330  0.00574750  0.01423109  0.02290595  0.03554271  0.06630656  0.10957849
  0.00246475  0.00275769  0.00318022  0.00303447  0.00317340  0.00443111  0.00454869  0.00790625  0.01534845  0.02816159  0.03780092  0.06554133  0.11005108
  0.00249214  0.00289433  0.00300596  0.00323803  0.00367869  0.00451440  0.00502497  0.00677692  0.01313134  0.02461323  0.03446702  0.06685637  0.09547635
  0.00272092  0.00290566  0.00275270  0.00357184  0.00325646  0.00382959  0.00419923  0.00668647  0.01493109  0.02555706  0.03499210  0.05957627  0.10732487
  0.00244520  0.00309109  0.00315704  0.00372058  0.00345546  0.00421380  0.00488890  0.00648757  0.01640882  0.02539286  0.03473416  0.06738401  0.10735445
  0.00248870  0.00290249  0.00413144  0.00233023  0.00282097  0.00418126  0.00464653  0.00692969  0.01445393  0.02702768  0.03622720  0.06088314  0.09748477
  0.00266572  0.00279154  0.00401803  0.00264024  0.00336767  0.00461591  0.00510156  0.00675268  0.01572481  0.02494243  0.03425825  0.06409285  0.10399631
  0.00161095  0.00396338  0.00226618  0.00342921  0.00354118  0.00480676  0.00511800  0.00613025  0.01491994  0.02550038  0.03326236  0.06216879  0.10551035
  0.00249946  0.00280470  0.00288395  0.00332848  0.00335219  0.00383567  0.00646367  0.00655645  0.01698327  0.02402474  0.03354166  0.06130259  0.11469379
  0.00257316  0.00427712  0.00201797  0.00422819  0.00265711  0.00402331  0.00479271  0.00615936  0.01515668  0.02349190  0.03463758  0.06015085  0.09636383
  0.00061424  0.00098034  0.00170931  0.00226228  0.00216239  0.00366304  0.00470444  0.00703929  0.01465460  0.02616055  0.03373119  0.06608468  0.10022051
  0.00046750  0.00099417  0.00184780  0.00188524  0.00220842  0.00388518  0.00452686  0.00701783  0.01575146  0.02490490  0.03451127  0.07128490  0.10812389
  0.00266668  0.00304806  0.00277733  0.00390735  0.00366284  0.00410738  0.00497009  0.00780955  0.01414223  0.02486488  0.03901274  0.06356333  0.09696295
  0.00088008  0.00093286  0.00167081  0.00174235  0.00249005  0.00440131  0.00469200  0.00700221  0.01186009  0.02547895  0.03650780  0.07007184  0.10913462
  0.00264504  0.00292972  0.00344699  0.00343080  0.00396117  0.00370738  0.00495170  0.00869565  0.01586860  0.02683713  0.03576094  0.07752982  0.11629837
  0.00083994  0.00093201  0.00180841  0.00258039  0.00213553  0.00422435  0.00536017  0.00674588  0.01370705  0.02611966  0.03357518  0.06198317  0.10650609
  0.00091123  0.00088911  0.00161602  0.00242512  0.00246634  0.00409889  0.00527134  0.00789022  0.01402569  0.02324566  0.03469818  0.06664200  0.11667204
