nums_threads: 
1 2 4 6 8 10 12 14 16 18 20 22 24 26 28 30 32 34 36 38 40 42 44 46 68 50 52 54 56 58 60 62 64 66 68 70 72 74 76 78 80 82 84 86 88 90 92 94 96 98 100 102 104 106 108 120 122 124 126 128 
elm_cnts:
        1000        2000        4000        6000        8000       16000       32000       64000      128000      256000      512000     1024000     2048000
timings:
  0.00019679  0.00040822  0.00088449  0.00138247  0.00187610  0.00394699  0.00847694  0.01785188  0.03848224  0.08084843  0.16607467  0.34510631  0.71748042
  0.00024555  0.00042614  0.00087347  0.00118880  0.00114570  0.00215207  0.00590753  0.01095631  0.02783817  0.04187010  0.08701133  0.19068417  0.37415587
  0.00024616  0.00042544  0.00066466  0.00089997  0.00088522  0.00202936  0.00339648  0.00837809  0.02463825  0.03923126  0.06232713  0.12900433  0.31367407
  0.00026799  0.00043039  0.00067116  0.00091163  0.00088355  0.00177195  0.00255789  0.00616468  0.01513915  0.03223448  0.05780328  0.10945320  0.22185491
  0.00024817  0.00040662  0.00066850  0.00093272  0.00087794  0.00176455  0.00255189  0.00533956  0.01115169  0.02992579  0.04847727  0.08679760  0.17360182
  0.00025357  0.00040965  0.00070978  0.00093708  0.00087838  0.00178311  0.00228483  0.00453060  0.01017530  0.02158070  0.04768816  0.07704026  0.13631111
  0.00025718  0.00045636  0.00066902  0.00098763  0.00091340  0.00182592  0.00242770  0.00408335  0.00954324  0.01978115  0.03527158  0.06977104  0.12182549
  0.00027037  0.00041365  0.00070471  0.00097650  0.00093597  0.00186060  0.00215383  0.00379910  0.00920293  0.01871087  0.03165418  0.06968122  0.11520043
  0.00028633  0.00044347  0.00070165  0.00100698  0.00094191  0.00190230  0.00217670  0.00365867  0.00934415  0.01818721  0.03069392  0.06416248  0.11003204
  0.00027111  0.00046247  0.00070603  0.00101099  0.00096576  0.00192334  0.00217168  0.00359775  0.00874013  0.01809044  0.02926871  0.06166558  0.10531398
  0.00028600  0.00046076  0.00071047  0.00101728  0.00097902  0.00191028  0.00202619  0.00359095  0.00896355  0.01757982  0.02938351  0.06021073  0.10033059
  0.00030213  0.00051104  0.00074592  0.00102142  0.00099818  0.00202324  0.00205456  0.00375185  0.00910391  0.01772630  0.02865664  0.05986482  0.09966426
  0.00031053  0.00046810  0.00080700  0.00110298  0.00104211  0.00198299  0.00217181  0.00368218  0.00918313  0.01777243  0.02792071  0.05771643  0.09769762
  0.00030480  0.00052989  0.00077642  0.00111137  0.00102845  0.00212820  0.00217301  0.00369676  0.00954924  0.01790706  0.02892186  0.05718220  0.09808691
  0.00030999  0.00058851  0.00081711  0.00112326  0.00117517  0.00223216  0.00223357  0.00376983  0.00949999  0.01847411  0.02841888  0.05613161  0.09506267
  0.00034954  0.00059169  0.00080107  0.00110605  0.00111981  0.00213020  0.00230668  0.00379423  0.00944942  0.01845329  0.02782860  0.05636360  0.09758266
  0.00031201  0.00059420  0.00086278  0.00115449  0.00113684  0.00220281  0.00236631  0.00383019  0.00939372  0.01845827  0.02861002  0.05683697  0.09505270
  0.00034516  0.00051579  0.00094065  0.00126597  0.00120606  0.00237649  0.00240338  0.00395399  0.00927951  0.01845831  0.02868207  0.05690012  0.09439930
  0.00038229  0.00061123  0.00086832  0.00121336  0.00126919  0.00228552  0.00237289  0.00376229  0.00969431  0.01850213  0.02855898  0.05641723  0.09069359
  0.00034805  0.00049282  0.00093008  0.00126040  0.00119683  0.00229227  0.00232217  0.00381052  0.00931298  0.02123190  0.02844688  0.05573425  0.09192467
  0.00086291  0.00060369  0.00098690  0.00141144  0.00126659  0.00239157  0.00240216  0.00386578  0.00974491  0.01879181  0.02858254  0.05496542  0.09283607
  0.00038918  0.00061471  0.00107041  0.00137559  0.00120200  0.00246812  0.00244910  0.00383996  0.00976644  0.01910954  0.02949956  0.05561346  0.09163247
  0.00040764  0.00051953  0.00105090  0.00127785  0.00133716  0.00243414  0.00249742  0.00406927  0.00978406  0.01909397  0.02884170  0.05894632  0.09542283
  0.00041095  0.00064523  0.00100577  0.00140306  0.00153740  0.00252814  0.00268281  0.00430714  0.01001457  0.02009374  0.02902652  0.05896014  0.09762138
  0.00100482  0.00091220  0.00138510  0.00181675  0.00178017  0.00301841  0.00350228  0.00474893  0.01165285  0.02245591  0.03329973  0.06322992  0.10788519
  0.00033973  0.00062577  0.00109342  0.00153002  0.00142969  0.00264923  0.00253167  0.00394129  0.01040591  0.01975132  0.02915519  0.05620138  0.09356042
  0.00037828  0.00064249  0.00107796  0.00143474  0.00147690  0.00262692  0.00265305  0.00404331  0.01014148  0.01963979  0.02965361  0.05659693  0.09549812
  0.00038925  0.00073320  0.00107339  0.00140139  0.00155824  0.00271115  0.00286298  0.00394114  0.01020953  0.01974346  0.02946332  0.05714275  0.09911196
  0.00047229  0.00080206  0.00116674  0.00138160  0.00171034  0.00269295  0.00296624  0.00428094  0.01089595  0.02053951  0.03090552  0.05825174  0.09724987
  0.00046347  0.00077677  0.00111498  0.00161441  0.00165297  0.00287527  0.00293749  0.00441753  0.01113718  0.02061532  0.03211364  0.05664977  0.10012714
  0.00047963  0.00082075  0.00113766  0.00162311  0.00161305  0.00274619  0.00314896  0.00407213  0.01098802  0.02008067  0.03096513  0.05891605  0.10129449
  0.00109310  0.00089413  0.00125923  0.00166677  0.00168681  0.00305049  0.00307509  0.00457626  0.01101651  0.02157038  0.03103761  0.05908000  0.10313053
  0.00045702  0.00084409  0.00134682  0.00187033  0.00162250  0.00295008  0.00313824  0.00496149  0.01181307  0.02237368  0.03068741  0.06053720  0.10398333
  0.00057381  0.00083181  0.00132273  0.00178117  0.00168169  0.00302576  0.00345708  0.00487927  0.01193867  0.02232270  0.03409213  0.06482381  0.11036195
  0.00046931  0.00088256  0.00125077  0.00175281  0.00179584  0.00340064  0.00348220  0.00516669  0.01221124  0.02348946  0.03313631  0.06580493  0.10413776
  0.00051715  0.00081476  0.00142494  0.00179310  0.00187492  0.00344146  0.00367292  0.00495728  0.01160329  0.02301896  0.03404107  0.06557373  0.11097368
  0.00058346  0.00093400  0.00142143  0.00188467  0.00192449  0.00331584  0.00362093  0.00535860  0.01306173  0.02355433  0.03456166  0.06477780  0.11343994
  0.00057245  0.00096524  0.00147632  0.00202414  0.00193401  0.00366234  0.00380574  0.00537365  0.01281470  0.02166399  0.03359832  0.06828443  0.10996174
  0.00049656  0.00093661  0.00149245  0.00191978  0.00208333  0.00345827  0.00415363  0.00552504  0.01317491  0.02499156  0.03399306  0.06776899  0.11214397
  0.00056212  0.00095597  0.00147139  0.00186955  0.00219018  0.00390192  0.00404860  0.00575330  0.01368743  0.02373351  0.03457733  0.06639374  0.11615643
  0.00057694  0.00099508  0.00148774  0.00205214  0.00209213  0.00394376  0.00420465  0.00598357  0.01366012  0.02627875  0.03647657  0.07124640  0.11053051
  0.00061721  0.00094077  0.00125402  0.00197509  0.00203419  0.00349505  0.00360934  0.00570841  0.01443705  0.02432190  0.03445787  0.06413971  0.11658724
  0.00082551  0.00089054  0.00149664  0.00181108  0.00213483  0.00391496  0.00370187  0.00533614  0.01476135  0.02535034  0.03416183  0.06373637  0.10439018
  0.00071313  0.00096843  0.00152219  0.00208797  0.00215488  0.00376934  0.00393057  0.00600296  0.01483778  0.02479536  0.03465394  0.06293875  0.10934943
  0.00260028  0.00294393  0.00284664  0.00359903  0.00306521  0.00446499  0.00476115  0.00638236  0.01438102  0.02384584  0.03817164  0.06431892  0.11037243
  0.00242084  0.00277483  0.00266168  0.00264138  0.00199372  0.00395229  0.00428111  0.00628982  0.01599038  0.02571820  0.03219161  0.06511956  0.10639153
  0.00239171  0.00276125  0.00274600  0.00329780  0.00288437  0.00373530  0.00455426  0.00642243  0.01466790  0.02404440  0.03739129  0.06247004  0.10632009
  0.00090404  0.00097422  0.00157479  0.00210945  0.00208256  0.00352828  0.00397784  0.00574269  0.01443339  0.02687054  0.03571095  0.06216392  0.09997002
  0.00106815  0.00096229  0.00152272  0.00183113  0.00243578  0.00397027  0.00417247  0.00658888  0.01295469  0.02380749  0.03637417  0.05787695  0.10944350
  0.00255631  0.00273885  0.00272917  0.00348687  0.00300060  0.00493912  0.00547742  0.00714277  0.01573833  0.02360711  0.03340264  0.06438695  0.10681539
  0.00385590  0.00179389  0.00297339  0.00348806  0.00321840  0.00471980  0.00520619  0.00796443  0.01647986  0.02761613  0.03594776  0.06936529  0.10780587
  0.00098229  0.00096777  0.00169843  0.00215058  0.00234182  0.00379129  0.00370572  0.00668500  0.01340969  0.02465009  0.03524292  0.06444045  0.10550180
  0.00107672  0.00097475  0.00171584  0.00204202  0.00252490  0.00359749  0.00444296  0.00680085  0.01603913  0.02667271  0.03480581  0.06080271  0.10744437
  0.00128473  0.00097205  0.00140451  0.00176106  0.00215858  0.00399135  0.00362944  0.00706770  0.01628792  0.02510278  0.03806474  0.06547002  0.10555723
  0.00247602  0.00277469  0.00297917  0.00375012  0.00261664  0.00432331  0.00392481  0.00734244  0.01548035  0.02730843  0.03356932  0.06151760  0.10662535
  0.00260421  0.00296854  0.00315851  0.00350585  0.00320321  0.00616464  0.00542622  0.00786647  0.01427135  0.02722463  0.03639261  0.06733000  0.11398021
  0.00253074  0.00280998  0.00332058  0.00351881  0.00384205  0.00474220  0.00511992  0.00744955  0.01425654  0.02964303  0.03938216  0.06819683  0.10945965
  0.00062154  0.00095391  0.00196453  0.00199606  0.00246105  0.00346449  0.00488874  0.00811369  0.01614913  0.02899331  0.03708695  0.06429487  0.10991642
  0.00083917  0.00097780  0.00163463  0.00222623  0.00222852  0.00474202  0.00519887  0.00720612  0.01713947  0.02663041  0.03346925  0.06580992  0.11408665
  0.00056227  0.00092945  0.00190749  0.00195927  0.00230793  0.00467928  0.00449689  0.00729695  0.01278483  0.02382351  0.03386405  0.07065368  0.10157629
