nums_threads: 1 2 4 6 8 10 12 14 16 18 20 22 24 26 28 30 32 34 36 38 40 42 44 46 68 50 52 54 56 58 60 62 64 66 68 70 72 74 76 78 80 82 84 86 88 90 92 94 96 98 100 102 104 106 108 120 122 124 126 128 
elm_cnts:
        1000        2000        4000        6000        8000       16000       32000       64000      128000      256000      512000     1024000     2048000
timings:
  0.00019777  0.00040529  0.00088105  0.00137190  0.00187275  0.00393517  0.00843756  0.01780462  0.03827487  0.08057165  0.16673630  0.34603418  0.72030845
  0.00026976  0.00023240  0.00081084  0.00119637  0.00115940  0.00223498  0.00597825  0.01117054  0.02811309  0.04255856  0.08713350  0.19301747  0.37810656
  0.00021224  0.00021554  0.00054512  0.00063379  0.00080370  0.00175817  0.00285108  0.00762702  0.02491776  0.03931453  0.06313419  0.13059080  0.31711488
  0.00020668  0.00022539  0.00046812  0.00063656  0.00072523  0.00135799  0.00258905  0.00565925  0.01464767  0.03298269  0.05291819  0.10685163  0.21832661
  0.00018714  0.00021657  0.00045217  0.00058064  0.00056393  0.00110368  0.00222948  0.00515598  0.01124961  0.02854591  0.04892560  0.08738969  0.17574170
  0.00021001  0.00021843  0.00037343  0.00059719  0.00053867  0.00109908  0.00215986  0.00435840  0.01013968  0.02225189  0.03894142  0.07794053  0.13660666
  0.00024098  0.00024047  0.00034893  0.00059680  0.00053420  0.00106667  0.00189294  0.00394037  0.00981695  0.02079088  0.03223933  0.07207600  0.12408703
  0.00023312  0.00024772  0.00037266  0.00057353  0.00055318  0.00104682  0.00182268  0.00373265  0.00893637  0.01821428  0.03143453  0.06537561  0.11435441
  0.00023732  0.00024947  0.00039717  0.00063061  0.00059507  0.00106546  0.00177095  0.00353784  0.00884955  0.01770411  0.02906617  0.06362879  0.11186003
  0.00025243  0.00026946  0.00039538  0.00059744  0.00058686  0.00105024  0.00174877  0.00322461  0.00876042  0.01771822  0.02910823  0.06320388  0.10719562
  0.00026596  0.00027103  0.00038716  0.00061765  0.00059213  0.00106746  0.00180803  0.00327541  0.00866791  0.01705686  0.02845656  0.06018476  0.10550468
  0.00026846  0.00028847  0.00040651  0.00064371  0.00060063  0.00107908  0.00179822  0.00328942  0.00862867  0.01696409  0.02784472  0.06035864  0.10071188
  0.00029261  0.00028694  0.00042932  0.00063974  0.00061242  0.00109083  0.00181421  0.00329493  0.00886125  0.01696620  0.02797364  0.05749068  0.09792857
  0.00027773  0.00031022  0.00041771  0.00066222  0.00062197  0.00105879  0.00177314  0.00327300  0.00861033  0.01740962  0.02818607  0.05749708  0.09754947
  0.00027897  0.00031383  0.00043769  0.00066515  0.00061400  0.00113496  0.00180119  0.00331390  0.00877479  0.01777850  0.02847017  0.05579932  0.09844745
  0.00031617  0.00033379  0.00045655  0.00067710  0.00066768  0.00118296  0.00191661  0.00325956  0.00883673  0.01728198  0.02789117  0.05671480  0.09396415
  0.00034848  0.00033461  0.00046618  0.00075674  0.00070887  0.00127450  0.00193129  0.00349462  0.00912945  0.01736572  0.02857677  0.05635933  0.09412545
  0.00032597  0.00035964  0.00050430  0.00075089  0.00072495  0.00122266  0.00200106  0.00361199  0.00938764  0.01814858  0.02763443  0.05722110  0.09285505
  0.00035538  0.00039104  0.00052684  0.00076756  0.00081143  0.00133778  0.00207352  0.00357064  0.00962598  0.01788558  0.02862008  0.05789409  0.09411653
  0.00032841  0.00044297  0.00059178  0.00083851  0.00076647  0.00135088  0.00199967  0.00347801  0.00971946  0.01793976  0.02869896  0.05696565  0.09796144
  0.00037292  0.00039724  0.00063371  0.00081630  0.00080847  0.00139212  0.00208802  0.00369187  0.00971515  0.01843156  0.02953000  0.05857713  0.10146580
  0.00038596  0.00042514  0.00064578  0.00093143  0.00084538  0.00139945  0.00224195  0.00371074  0.01030487  0.01860238  0.02956345  0.06041007  0.10192768
  0.00041099  0.00043045  0.00069538  0.00086648  0.00085948  0.00146447  0.00224940  0.00383511  0.01005404  0.01869743  0.02975998  0.06155671  0.10223533
  0.00041628  0.00044399  0.00068669  0.00093111  0.00095023  0.00159936  0.00233762  0.00409690  0.01053005  0.01894747  0.03028193  0.06201909  0.10255323
  0.00109446  0.00072010  0.00106568  0.00131645  0.00139217  0.00233974  0.00293707  0.00465379  0.01283073  0.02298660  0.03475817  0.06914576  0.11780455
  0.00037121  0.00052243  0.00068421  0.00109911  0.00101496  0.00166320  0.00244770  0.00408382  0.01063913  0.01996672  0.03025034  0.06335436  0.10429306
  0.00044986  0.00048891  0.00076790  0.00113550  0.00113053  0.00191520  0.00255605  0.00414653  0.01115219  0.01979172  0.03144333  0.06134011  0.10706076
  0.00037975  0.00054285  0.00080506  0.00108332  0.00112473  0.00181553  0.00260765  0.00423165  0.01141742  0.02064223  0.03284957  0.06456106  0.10309062
  0.00043814  0.00056171  0.00071057  0.00108354  0.00108703  0.00184734  0.00259643  0.00419820  0.01187679  0.02047046  0.03155848  0.06370518  0.10555996
  0.00045484  0.00051554  0.00087426  0.00111753  0.00103867  0.00192337  0.00274723  0.00428212  0.01133556  0.02097785  0.03025786  0.06341758  0.10044793
  0.00047451  0.00068271  0.00086973  0.00130909  0.00123428  0.00208652  0.00268454  0.00448402  0.01156563  0.02230567  0.03212757  0.06580615  0.10654484
  0.00049994  0.00054210  0.00088075  0.00127384  0.00127754  0.00212247  0.00279176  0.00451139  0.01197803  0.02246762  0.03191038  0.06879302  0.10535654
  0.00052501  0.00058154  0.00093841  0.00115895  0.00125230  0.00225583  0.00284544  0.00449893  0.01266006  0.02104665  0.03527339  0.06714535  0.10799954
  0.00053700  0.00051476  0.00092149  0.00129330  0.00143235  0.00231721  0.00301847  0.00452333  0.01309598  0.02202488  0.03162986  0.06875684  0.11314581
  0.00050338  0.00057327  0.00093427  0.00142467  0.00142602  0.00236572  0.00292410  0.00465460  0.01226413  0.02296540  0.03514341  0.07047337  0.11333993
  0.00058596  0.00059000  0.00099102  0.00133002  0.00124476  0.00232771  0.00297374  0.00468842  0.01314497  0.02287063  0.03486144  0.07217249  0.11566661
  0.00061006  0.00066419  0.00108421  0.00148920  0.00161279  0.00269759  0.00355134  0.00494110  0.01404327  0.02544470  0.03800479  0.07130170  0.10997286
  0.00070383  0.00074091  0.00105292  0.00132326  0.00150771  0.00251609  0.00288765  0.00494078  0.01348961  0.02448696  0.03539654  0.06398444  0.09843425
  0.00060625  0.00069281  0.00109610  0.00159096  0.00174096  0.00242429  0.00281210  0.00509147  0.01431928  0.02351420  0.03426466  0.06767119  0.11297395
  0.00055123  0.00060913  0.00118769  0.00159468  0.00176676  0.00252038  0.00366925  0.00496171  0.01482048  0.02593802  0.03501652  0.07094816  0.11724331
  0.00058396  0.00070487  0.00126759  0.00153215  0.00173813  0.00243387  0.00367842  0.00550928  0.01376529  0.02252257  0.03653903  0.06608172  0.11473373
  0.00069802  0.00077874  0.00109353  0.00175226  0.00184665  0.00294475  0.00396998  0.00555760  0.01511211  0.02542574  0.03720434  0.06878668  0.11332499
  0.00068195  0.00067122  0.00118435  0.00171972  0.00189709  0.00278978  0.00379228  0.00500900  0.01561850  0.02628050  0.03861187  0.07371272  0.11489558
  0.00071677  0.00075004  0.00125753  0.00142536  0.00199420  0.00257791  0.00357986  0.00476899  0.01570529  0.02502336  0.03851417  0.06735701  0.11432456
  0.00064656  0.00070505  0.00120755  0.00161511  0.00194116  0.00319938  0.00365548  0.00562955  0.01441636  0.02559997  0.03880777  0.07237710  0.12082480
  0.00076170  0.00089035  0.00122625  0.00187541  0.00209062  0.00366262  0.00420973  0.00576959  0.01594155  0.02672991  0.03714992  0.07206460  0.12440708
  0.00080524  0.00079869  0.00151833  0.00184049  0.00196157  0.00362506  0.00476374  0.00596249  0.01579738  0.02681407  0.03717941  0.06519510  0.12329614
  0.00094583  0.00077229  0.00148102  0.00194994  0.00212983  0.00393194  0.00386540  0.00610114  0.01591383  0.02705099  0.03746000  0.06247240  0.11685404
  0.00070938  0.00094349  0.00157256  0.00195209  0.00224632  0.00348007  0.00453821  0.00629810  0.01800560  0.02639547  0.03430501  0.06929921  0.12836347
  0.00129913  0.00112230  0.00170213  0.00208781  0.00232399  0.00256279  0.00523034  0.00624147  0.01542081  0.02644171  0.04141663  0.06873781  0.13097926
  0.00082528  0.00092177  0.00158335  0.00193224  0.00221625  0.00397391  0.00492036  0.00597133  0.01527950  0.02314949  0.03895032  0.06911919  0.12900005
  0.00106642  0.00090137  0.00190199  0.00249042  0.00249903  0.00452661  0.00546816  0.00645257  0.01751821  0.02936746  0.03936226  0.07582235  0.12691996
  0.00102484  0.00102739  0.00136662  0.00265419  0.00238513  0.00296668  0.00472668  0.00634301  0.01633815  0.02512237  0.03913030  0.07537309  0.13115895
  0.00085531  0.00096326  0.00220710  0.00226139  0.00274475  0.00493745  0.00521542  0.00646428  0.01374367  0.02833235  0.03851027  0.07665258  0.13514376
  0.00071855  0.00097241  0.00181426  0.00283743  0.00284019  0.00374001  0.00421499  0.00687175  0.01501247  0.02572588  0.03830572  0.07410357  0.13398874
  0.00291493  0.00298161  0.00403639  0.00347403  0.00319072  0.00424050  0.00493744  0.00781874  0.01482177  0.02570459  0.03860562  0.07998576  0.13982664
  0.00116619  0.00091010  0.00148989  0.00263813  0.00287612  0.00424339  0.00517321  0.00862685  0.01706004  0.02519205  0.04113979  0.07702184  0.14475486
  0.00136333  0.00133139  0.00186497  0.00301743  0.00360554  0.00421517  0.00463182  0.00707025  0.01780718  0.02526083  0.03742021  0.07256284  0.12582583
  0.00126735  0.00131710  0.00237073  0.00306535  0.00296609  0.00442559  0.00590059  0.00775103  0.01549607  0.02494423  0.03861709  0.08251189  0.14690172
  0.00121496  0.00139096  0.00175726  0.00311015  0.00378902  0.00453300  0.00569289  0.00680101  0.01422238  0.02889076  0.04217466  0.07954594  0.14726522
