nums_threads: 
1 2 4 6 8 10 12 14 16 18 20 22 24 26 28 30 32 34 36 38 40 42 44 46 68 50 52 54 56 58 60 62 64 66 68 70 72 74 76 78 80 82 84 86 88 90 92 94 96 98 100 102 104 106 108 120 122 124 126 128 
elm_cnts:
        1000        2000        4000        6000        8000       16000       32000       64000      128000      256000      512000     1024000     2048000
timings:
  0.00019462  0.00040232  0.00087478  0.00136761  0.00186232  0.00391356  0.00839032  0.01771162  0.03806167  0.08015627  0.16585156  0.34428803  0.72240024
  0.00029254  0.00041456  0.00097116  0.00138258  0.00115482  0.00264012  0.00683748  0.01269287  0.03164255  0.04701228  0.09845144  0.20405961  0.38402596
  0.00026797  0.00041135  0.00088594  0.00137483  0.00115422  0.00239425  0.00346783  0.00921126  0.02454186  0.03864227  0.06202178  0.12864166  0.31367381
  0.00025496  0.00041151  0.00088639  0.00138341  0.00115902  0.00239303  0.00276653  0.00651583  0.01486744  0.03143448  0.05230195  0.10927992  0.22019978
  0.00024462  0.00041107  0.00088696  0.00139038  0.00116693  0.00241024  0.00278083  0.00587184  0.01061982  0.02876085  0.04558982  0.08705877  0.17498363
  0.00025520  0.00041248  0.00089058  0.00140542  0.00114551  0.00241558  0.00268284  0.00559996  0.00945939  0.02378335  0.03884325  0.07967542  0.13257582
  0.00025883  0.00044063  0.00090101  0.00139750  0.00116468  0.00246576  0.00264459  0.00533267  0.00948313  0.02045565  0.03920024  0.07214965  0.11973990
  0.00028264  0.00042333  0.00093034  0.00140087  0.00117984  0.00246261  0.00266274  0.00528331  0.00986864  0.01870594  0.03332700  0.06637737  0.11295704
  0.00026993  0.00045141  0.00090748  0.00142112  0.00117433  0.00249737  0.00244213  0.00500577  0.00987396  0.01817515  0.03197758  0.06195001  0.10750840
  0.00029092  0.00045641  0.00093543  0.00148475  0.00115146  0.00250915  0.00237947  0.00492901  0.00944252  0.01826169  0.03038080  0.06069090  0.10416716
  0.00030739  0.00045760  0.00092824  0.00144614  0.00118246  0.00252749  0.00240731  0.00469710  0.00943519  0.01765534  0.02999240  0.05875412  0.09993440
  0.00028166  0.00045093  0.00095536  0.00143328  0.00123952  0.00253910  0.00236513  0.00469610  0.00932205  0.01719053  0.02844107  0.05696272  0.09703821
  0.00030195  0.00044814  0.00093281  0.00143812  0.00120145  0.00255993  0.00244984  0.00467641  0.00925195  0.01710841  0.02837803  0.05563238  0.09389115
  0.00026440  0.00045736  0.00094847  0.00143804  0.00122199  0.00252957  0.00243513  0.00496550  0.00937171  0.01716137  0.02756101  0.05406075  0.08985660
  0.00030791  0.00045029  0.00094860  0.00145600  0.00121830  0.00253307  0.00237453  0.00476166  0.00941719  0.01710426  0.02731583  0.05383421  0.08884628
  0.00028564  0.00044915  0.00096060  0.00149337  0.00123095  0.00257289  0.00238060  0.00477795  0.00938478  0.01707009  0.02749280  0.05361977  0.08910292
  0.00030429  0.00047684  0.00090355  0.00145451  0.00122989  0.00268491  0.00241044  0.00472311  0.00946433  0.01719280  0.02721566  0.05397776  0.08880397
  0.00029047  0.00046194  0.00101383  0.00154397  0.00124983  0.00264692  0.00254004  0.00476952  0.00955702  0.01728598  0.02766559  0.05426883  0.08860673
  0.00031245  0.00046431  0.00093628  0.00148228  0.00128992  0.00260621  0.00246403  0.00481437  0.00965687  0.01724127  0.02758163  0.05341720  0.08870622
  0.00031792  0.00041630  0.00097347  0.00162823  0.00133099  0.00269349  0.00249887  0.00470878  0.00985813  0.01744241  0.02783078  0.05366804  0.08902111
  0.00032935  0.00045855  0.00106372  0.00164800  0.00133361  0.00270347  0.00265240  0.00477408  0.00982546  0.01716014  0.02754374  0.05325453  0.08752370
  0.00038857  0.00062709  0.00109860  0.00163196  0.00144180  0.00287072  0.00262305  0.00491552  0.00977082  0.01757071  0.02839411  0.05315423  0.09079729
  0.00034613  0.00067667  0.00118887  0.00168399  0.00169906  0.00307965  0.00251121  0.00489459  0.01023661  0.01821965  0.02775390  0.05354694  0.08766475
  0.00039439  0.00060256  0.00110477  0.00166766  0.00136189  0.00293129  0.00281370  0.00499535  0.01008343  0.01795016  0.02798978  0.05325853  0.08962612
  0.00089039  0.00060703  0.00135252  0.00181690  0.00181710  0.00383527  0.00359526  0.00551390  0.01131809  0.02025341  0.02875974  0.05701983  0.09710316
  0.00038267  0.00073213  0.00115769  0.00197211  0.00158531  0.00285094  0.00318523  0.00525980  0.01023652  0.01791738  0.02887560  0.05462997  0.09265850
  0.00029726  0.00044599  0.00094408  0.00163433  0.00148353  0.00293448  0.00291223  0.00513090  0.01000910  0.01823108  0.02755914  0.05514782  0.09349072
  0.00029003  0.00054454  0.00113546  0.00164940  0.00141094  0.00303672  0.00298738  0.00493342  0.01018345  0.01820853  0.02742326  0.05320759  0.08820036
  0.00031169  0.00043192  0.00102986  0.00164175  0.00138203  0.00300620  0.00308986  0.00496632  0.00993516  0.01860065  0.02833681  0.05494718  0.09092680
  0.00030827  0.00052264  0.00100980  0.00172787  0.00145828  0.00288195  0.00297221  0.00507384  0.00996375  0.01842693  0.02810252  0.05461657  0.09335397
  0.00028782  0.00051286  0.00104506  0.00180016  0.00176523  0.00285604  0.00305643  0.00538989  0.01060347  0.01910934  0.02965764  0.05498722  0.09098975
  0.00039741  0.00057839  0.00116384  0.00197583  0.00146696  0.00305761  0.00313720  0.00521040  0.01029881  0.01908563  0.02817419  0.05439905  0.09135954
  0.00032891  0.00045442  0.00105435  0.00181828  0.00173856  0.00310274  0.00303731  0.00530695  0.01056701  0.01874142  0.02835260  0.05468897  0.08952090
  0.00033991  0.00058432  0.00118754  0.00193145  0.00166546  0.00310584  0.00337799  0.00530034  0.01092912  0.01900182  0.03001810  0.05562493  0.09250418
  0.00041882  0.00057350  0.00131296  0.00203125  0.00184949  0.00323360  0.00332706  0.00506184  0.01057247  0.01906932  0.02873960  0.05611103  0.09343047
  0.00041944  0.00062964  0.00106682  0.00208041  0.00151747  0.00352036  0.00283216  0.00519722  0.01099478  0.01951268  0.02865523  0.05560798  0.09241471
  0.00041813  0.00075429  0.00121265  0.00183833  0.00162753  0.00331610  0.00335831  0.00509415  0.01048582  0.01949847  0.02968056  0.05567656  0.09386912
  0.00042491  0.00068467  0.00119777  0.00206174  0.00169839  0.00368183  0.00341183  0.00504466  0.01071559  0.01972954  0.02975243  0.05570590  0.09385102
  0.00047624  0.00074992  0.00124894  0.00210215  0.00163604  0.00326343  0.00313886  0.00526322  0.01096716  0.02010832  0.02876372  0.05543492  0.09563822
  0.00043193  0.00084545  0.00142364  0.00212784  0.00187509  0.00332177  0.00360149  0.00540985  0.01148604  0.01984754  0.03092522  0.05665742  0.09155125
  0.00046578  0.00065737  0.00128438  0.00232377  0.00161758  0.00366312  0.00336310  0.00565351  0.01131053  0.02099954  0.03058609  0.05757046  0.09565994
  0.00045472  0.00079647  0.00114579  0.00205900  0.00180110  0.00314519  0.00378754  0.00556624  0.01151281  0.02053520  0.03166156  0.05709842  0.09475502
  0.00041641  0.00069876  0.00133483  0.00214763  0.00210592  0.00359105  0.00391515  0.00549323  0.01092475  0.01977306  0.03092808  0.05890276  0.09851832
  0.00047121  0.00086730  0.00146628  0.00232112  0.00215163  0.00335038  0.00356432  0.00575452  0.01148785  0.02077938  0.03143585  0.05893956  0.09710929
  0.00051205  0.00078247  0.00154168  0.00232829  0.00225947  0.00380690  0.00365856  0.00636900  0.01127054  0.02206025  0.03304387  0.05932814  0.09489886
  0.00055707  0.00077914  0.00126582  0.00232509  0.00231267  0.00395252  0.00412693  0.00675941  0.01173902  0.02169728  0.03145151  0.06059091  0.09843268
  0.00047912  0.00094378  0.00168937  0.00276184  0.00248337  0.00364999  0.00409264  0.00642590  0.01271299  0.02007954  0.03330695  0.06334412  0.10156688
  0.00056029  0.00090661  0.00176597  0.00266890  0.00243623  0.00391629  0.00423836  0.00618741  0.01215090  0.02347784  0.03383566  0.06061167  0.10161510
  0.00048836  0.00089788  0.00158109  0.00259412  0.00234131  0.00386676  0.00414709  0.00681584  0.01224506  0.02338389  0.03456866  0.06108058  0.09613786
  0.00059123  0.00093156  0.00177229  0.00271314  0.00255265  0.00402669  0.00395239  0.00665323  0.01403021  0.02137926  0.03766904  0.05919095  0.10256181
  0.00056522  0.00091687  0.00177363  0.00264801  0.00993184  0.00382951  0.00423916  0.00769324  0.01380328  0.02257315  0.03415930  0.05776778  0.10187864
  0.00055471  0.00091026  0.00168585  0.00266211  0.00238268  0.00474434  0.00449873  0.00754075  0.01304178  0.02479605  0.03462491  0.06101757  0.10628473
  0.00127803  0.00088721  0.00129377  0.00269874  0.00192801  0.00376237  0.00435066  0.00766728  0.01597463  0.02515000  0.03466404  0.06715150  0.10802322
  0.00239268  0.00248870  0.00258375  0.00369017  0.00316818  0.00355570  0.00454324  0.00865727  0.01449361  0.02270162  0.03485620  0.06482334  0.10399366
  0.00230114  0.00364676  0.00277205  0.00241640  0.00319440  0.00627743  0.00400905  0.00841269  0.01641142  0.02577006  0.03503269  0.06517240  0.10618937
  0.00252176  0.00373643  0.00152369  0.00403981  0.00334042  0.00492932  0.00446531  0.00799646  0.01193297  0.02239696  0.03579916  0.06264129  0.09823100
  0.00252100  0.00258704  0.00257204  0.00344324  0.00321492  0.00371099  0.00506209  0.00874708  0.01177729  0.02326996  0.03633430  0.06731021  0.10878642
  0.00229215  0.00264646  0.00273178  0.00391208  0.00364220  0.00365926  0.00532260  0.00805936  0.01208897  0.02472840  0.03507540  0.06621259  0.10216843
  0.00224024  0.00248197  0.00242057  0.00375956  0.00328878  0.00441644  0.00449566  0.00904653  0.01220063  0.02460346  0.03519347  0.07094049  0.10938379
  0.00246423  0.00254060  0.00281113  0.00390803  0.00314035  0.00479744  0.00474967  0.00905549  0.01235498  0.02422928  0.03579278  0.06567331  0.10798488
