nums_threads: 
1 2 4 6 8 10 12 14 16 18 20 22 24 26 28 30 32 34 36 38 40 42 44 46 68 50 52 54 56 58 60 62 64 66 68 70 72 74 76 78 80 82 84 86 88 90 92 94 96 98 100 102 104 106 108 120 122 124 126 128 
elm_cnts:
        1000        2000        4000        6000        8000       16000       32000       64000      128000      256000      512000     1024000     2048000
timings:
  0.00019393  0.00040248  0.00087279  0.00136597  0.00185765  0.00390447  0.00838412  0.01768868  0.03801786  0.08008818  0.16583709  0.34414076  0.71660324
  0.00024407  0.00040958  0.00087626  0.00136305  0.00180332  0.00387294  0.00589546  0.01093363  0.02775740  0.04222325  0.08677956  0.19019108  0.37361735
  0.00025596  0.00041038  0.00087570  0.00137787  0.00180605  0.00387631  0.00318234  0.00912263  0.02383726  0.03844815  0.06211761  0.13610681  0.31814968
  0.00024997  0.00041207  0.00088007  0.00135755  0.00183913  0.00388096  0.00297929  0.00689567  0.01420760  0.03281724  0.05595085  0.10590979  0.22220708
  0.00025292  0.00040854  0.00089426  0.00137095  0.00181436  0.00388095  0.00296204  0.00533335  0.01120876  0.02864053  0.05006294  0.08274799  0.17341204
  0.00025681  0.00041299  0.00088569  0.00137220  0.00183428  0.00389799  0.00296398  0.00532870  0.01115993  0.02489573  0.04202562  0.07983689  0.13223633
  0.00026239  0.00043890  0.00090420  0.00140186  0.00184544  0.00390078  0.00299509  0.00533947  0.01056791  0.02214410  0.03713202  0.06685861  0.12156686
  0.00028981  0.00044311  0.00091510  0.00138483  0.00183389  0.00390414  0.00301215  0.00548565  0.01063138  0.02160017  0.03283122  0.06468840  0.11539632
  0.00028618  0.00042302  0.00092252  0.00139986  0.00185419  0.00389634  0.00299361  0.00538139  0.01051662  0.02026107  0.03405540  0.06331853  0.11083598
  0.00028161  0.00044868  0.00091089  0.00141655  0.00185888  0.00390084  0.00309260  0.00537004  0.01055928  0.01902956  0.03050387  0.06155199  0.10547182
  0.00029445  0.00045593  0.00093845  0.00140468  0.00185538  0.00392317  0.00300257  0.00540605  0.01032208  0.01916837  0.03047215  0.06067535  0.09984271
  0.00030345  0.00046287  0.00092847  0.00141889  0.00193496  0.00392191  0.00316526  0.00550873  0.01055858  0.01950249  0.02994761  0.05879638  0.09684347
  0.00029759  0.00052752  0.00100731  0.00151365  0.00195261  0.00395916  0.00321524  0.00569200  0.01042416  0.01926468  0.03092137  0.05790455  0.09832308
  0.00030633  0.00051429  0.00090855  0.00153390  0.00192716  0.00395268  0.00321650  0.00549721  0.01072290  0.01974115  0.03082296  0.05797664  0.09567645
  0.00034959  0.00052809  0.00095569  0.00151996  0.00198093  0.00398358  0.00330852  0.00553729  0.01056117  0.01925609  0.03024624  0.05736956  0.09399392
  0.00032024  0.00053505  0.00098082  0.00153978  0.00198367  0.00399815  0.00330522  0.00559426  0.01094118  0.01913861  0.02952937  0.05699401  0.09350886
  0.00031493  0.00060116  0.00105153  0.00154948  0.00197663  0.00414329  0.00354837  0.00594315  0.01134429  0.01982837  0.03056671  0.05865125  0.09800191
  0.00034185  0.00051672  0.00100923  0.00156824  0.00199772  0.00414487  0.00335811  0.00592870  0.01106083  0.01990644  0.03097099  0.05676623  0.09651232
  0.00036924  0.00057206  0.00106255  0.00152588  0.00206890  0.00416933  0.00353597  0.00589223  0.01160596  0.01979870  0.03077473  0.05894974  0.09616884
  0.00037623  0.00055163  0.00115444  0.00160570  0.00206059  0.00425855  0.00380901  0.00602648  0.01151748  0.02036574  0.03021961  0.05867615  0.09213065
  0.00036762  0.00059175  0.00118418  0.00167775  0.00205414  0.00429750  0.00375449  0.00598139  0.01176173  0.02078884  0.03206022  0.05777722  0.09598515
  0.00037519  0.00065731  0.00119168  0.00173807  0.00205300  0.00432164  0.00348738  0.00609568  0.01137307  0.01998068  0.03123738  0.05734773  0.09784736
  0.00037185  0.00058382  0.00106822  0.00178207  0.00209173  0.00428925  0.00377235  0.00605184  0.01195940  0.02085636  0.03100321  0.06081128  0.09643667
  0.00041720  0.00071553  0.00117233  0.00172685  0.00217809  0.00443748  0.00383490  0.00585502  0.01158072  0.02063975  0.03184304  0.05781195  0.09563849
  0.00104853  0.00079970  0.00137680  0.00183806  0.00246556  0.00461385  0.00458651  0.00640401  0.01200139  0.01991813  0.03763677  0.06038569  0.10005135
  0.00035046  0.00073973  0.00114651  0.00168322  0.00226621  0.00396437  0.00378155  0.00548632  0.01085100  0.02022102  0.03159633  0.05758508  0.09572455
  0.00037741  0.00074025  0.00109942  0.00166296  0.00218617  0.00424700  0.00377892  0.00611477  0.01153033  0.02026301  0.03168897  0.05758955  0.09502497
  0.00037678  0.00062432  0.00118336  0.00169358  0.00219955  0.00425009  0.00398679  0.00598608  0.01144173  0.02120679  0.03210554  0.05940624  0.10029583
  0.00037666  0.00066514  0.00112303  0.00169402  0.00220913  0.00422056  0.00409586  0.00647027  0.01177993  0.02043290  0.03260321  0.05925910  0.09608330
  0.00042611  0.00078401  0.00123637  0.00181567  0.00231129  0.00441149  0.00445751  0.00605228  0.01194186  0.02087626  0.03204420  0.06001070  0.09859546
  0.00044168  0.00065237  0.00126812  0.00185854  0.00227544  0.00432245  0.00418155  0.00706004  0.01166398  0.02085897  0.03178776  0.05911348  0.09642502
  0.00050699  0.00079636  0.00128168  0.00189829  0.00230837  0.00434786  0.00424322  0.00696186  0.01167543  0.02040426  0.03262555  0.05948140  0.10155225
  0.00049564  0.00079729  0.00124440  0.00183787  0.00234001  0.00441544  0.00404926  0.00693094  0.01178214  0.02084247  0.03392949  0.05858309  0.09822472
  0.00058972  0.00092700  0.00154437  0.00221671  0.00264963  0.00496290  0.00437030  0.00674455  0.01274305  0.02083076  0.03489270  0.05993771  0.10064391
  0.00055390  0.00090618  0.00154567  0.00217688  0.00265940  0.00432621  0.00449987  0.00704463  0.01238812  0.02100888  0.03421124  0.05907604  0.09827470
  0.00057717  0.00083864  0.00132841  0.00206111  0.00245849  0.00437839  0.00442956  0.00741152  0.01219639  0.02020586  0.03352917  0.05904830  0.09853803
  0.00050964  0.00072303  0.00134287  0.00200598  0.00254002  0.00466663  0.00462424  0.00752329  0.01125884  0.02026868  0.03458678  0.06127287  0.10085740
  0.00047071  0.00082523  0.00141425  0.00196187  0.00248154  0.00445808  0.00453616  0.00776301  0.01187520  0.02059897  0.03304226  0.06065032  0.10583555
  0.00055554  0.00088222  0.00152713  0.00219061  0.00265268  0.00575787  0.00470320  0.00812891  0.01501500  0.02140483  0.03372512  0.06257405  0.09974411
  0.00063589  0.00091631  0.00153939  0.00222234  0.00272083  0.00545304  0.00474979  0.00822763  0.01507379  0.02129344  0.03377872  0.06117229  0.10258144
  0.00057880  0.00094429  0.00153152  0.00222679  0.00269599  0.00501902  0.00445474  0.00858246  0.01539240  0.02254045  0.03609690  0.06031543  0.10303987
  0.00057034  0.00090137  0.00152217  0.00220899  0.00269494  0.00452290  0.00533793  0.00692107  0.01305133  0.02302752  0.03809643  0.06543947  0.10553160
  0.00099485  0.00091645  0.00152583  0.00224799  0.00263943  0.00461463  0.00492643  0.00840056  0.01747407  0.02117601  0.03361620  0.06075253  0.10178870
  0.00070950  0.00095456  0.00153057  0.00223151  0.00264970  0.00470281  0.00500377  0.00806645  0.01546281  0.02121917  0.03388431  0.06414787  0.10476976
  0.00081444  0.00090704  0.00152313  0.00226257  0.00264626  0.00527070  0.00510727  0.00813880  0.01281641  0.02123997  0.03559178  0.05972654  0.09771438
  0.00065719  0.00092175  0.00154064  0.00224848  0.00267537  0.00464976  0.00405961  0.00777169  0.01547685  0.02216528  0.03592060  0.06381042  0.10289599
  0.00098683  0.00086339  0.00154940  0.00225914  0.00265828  0.00464211  0.00506514  0.00821443  0.01460686  0.02110652  0.03396819  0.05891898  0.10099059
  0.00083382  0.00093253  0.00152778  0.00225769  0.00269588  0.00515903  0.00514956  0.00856881  0.01284519  0.02189618  0.03516308  0.06108934  0.10314567
  0.00070013  0.00089080  0.00152804  0.00224065  0.00269272  0.00530330  0.00512464  0.00885510  0.01477716  0.02232834  0.03340751  0.05999863  0.10597617
  0.00097676  0.00090615  0.00152925  0.00226942  0.00265712  0.00466261  0.00490333  0.00756462  0.01219347  0.02103409  0.03443876  0.06407607  0.10006617
  0.00077769  0.00089221  0.00150765  0.00227123  0.00268177  0.00463783  0.00519932  0.00798268  0.01479983  0.02095924  0.03632104  0.05978166  0.10223033
  0.00063417  0.00093948  0.00155240  0.00221027  0.00265299  0.00468056  0.00489953  0.00838745  0.01525022  0.02177610  0.03362339  0.06216487  0.10417341
  0.00093723  0.00089392  0.00151264  0.00223001  0.00268385  0.00533657  0.00480026  0.00810702  0.01583036  0.02124427  0.03472674  0.06079185  0.10205318
  0.00067138  0.00097125  0.00158367  0.00229829  0.00266222  0.00510966  0.00445280  0.00863832  0.01467841  0.02073661  0.03354859  0.06274608  0.10347251
  0.00087146  0.00088125  0.00151022  0.00229311  0.00269206  0.00461516  0.00442955  0.00748675  0.01691839  0.02081671  0.03491634  0.06305077  0.10381281
  0.00253010  0.00251248  0.00270966  0.00264285  0.00337519  0.00636156  0.00525453  0.00990563  0.01624624  0.02266071  0.03725232  0.05823733  0.10674959
  0.00260045  0.00243509  0.00260889  0.00310640  0.00348433  0.00625964  0.00531415  0.01048602  0.01751678  0.02297782  0.03641768  0.06422307  0.10150984
  0.00247258  0.00246884  0.00254081  0.00298876  0.00338960  0.00618323  0.00526478  0.00888569  0.01626787  0.02071742  0.03456037  0.06184190  0.10514145
  0.00248731  0.00248507  0.00267855  0.00335749  0.00327420  0.00588351  0.00521615  0.00855835  0.01344290  0.02048703  0.03389166  0.05963138  0.09735380
  0.00264710  0.00253695  0.00265387  0.00324403  0.00343533  0.00636123  0.00543897  0.00910918  0.01708816  0.02153887  0.03377177  0.06253933  0.10360766
