nums_threads: 1 2 4 6 8 10 12 14 16 18 20 22 24 26 28 30 32 34 36 38 40 42 44 46 68 50 52 54 56 58 60 62 64 66 68 70 72 74 76 78 80 82 84 86 88 90 92 94 96 98 100 102 104 106 108 120 122 124 126 128 
elm_cnts:
        1000        2000        4000        6000        8000       16000       32000       64000      128000      256000      512000     1024000     2048000
timings:
  0.00019724  0.00040495  0.00087511  0.00137970  0.00186530  0.00391530  0.00841396  0.01775849  0.03815308  0.08034970  0.16628986  0.34511641  0.72407833
  0.00027408  0.00026037  0.00089201  0.00121099  0.00116802  0.00224952  0.00602922  0.01119626  0.02825557  0.04273135  0.08819267  0.19480086  0.38249446
  0.00025376  0.00027903  0.00063616  0.00074051  0.00074833  0.00211374  0.00358878  0.00859128  0.02523429  0.04034723  0.06377339  0.13226898  0.32865670
  0.00028825  0.00026399  0.00058652  0.00075960  0.00073590  0.00135668  0.00276434  0.00622545  0.01474545  0.03204962  0.05383091  0.10546943  0.22564275
  0.00027631  0.00029661  0.00058109  0.00073376  0.00071231  0.00128389  0.00248473  0.00550723  0.01130073  0.02853515  0.04696962  0.08591884  0.17115325
  0.00025222  0.00027079  0.00058527  0.00074000  0.00066918  0.00125004  0.00226302  0.00449443  0.00959259  0.02235554  0.03963250  0.07689728  0.13342518
  0.00025122  0.00028773  0.00057252  0.00076211  0.00063591  0.00116366  0.00199588  0.00408217  0.00897473  0.01969372  0.03195084  0.06821601  0.12364050
  0.00028656  0.00028867  0.00056934  0.00078647  0.00065305  0.00120194  0.00201269  0.00389099  0.00933580  0.01818809  0.03152774  0.06829866  0.11307698
  0.00029594  0.00028368  0.00059532  0.00073074  0.00072460  0.00116485  0.00193324  0.00361674  0.00881512  0.01777312  0.02883732  0.06305634  0.10917115
  0.00029062  0.00029268  0.00060126  0.00073317  0.00070500  0.00116185  0.00189506  0.00340370  0.00858335  0.01764203  0.02878640  0.05993146  0.10551729
  0.00029606  0.00032091  0.00064196  0.00075210  0.00070670  0.00118002  0.00191322  0.00336855  0.00863925  0.01706818  0.02754065  0.06187662  0.10218687
  0.00029405  0.00030975  0.00063798  0.00076318  0.00070828  0.00121848  0.00199200  0.00353002  0.00877946  0.01709584  0.02794746  0.05673688  0.09919040
  0.00030345  0.00031991  0.00066285  0.00082328  0.00075544  0.00119326  0.00205683  0.00365533  0.00891652  0.01708699  0.02812341  0.05777631  0.09870879
  0.00031874  0.00031591  0.00069268  0.00085068  0.00082016  0.00127769  0.00189898  0.00351918  0.00882503  0.01744295  0.02866383  0.05582686  0.09634268
  0.00033465  0.00035203  0.00070627  0.00087027  0.00075042  0.00130315  0.00209586  0.00361191  0.00895266  0.01748689  0.02785503  0.05633681  0.09664622
  0.00032190  0.00036155  0.00070009  0.00086318  0.00078857  0.00134031  0.00204652  0.00352975  0.00921308  0.01740877  0.02711957  0.05732254  0.09294190
  0.00032150  0.00037248  0.00077807  0.00086914  0.00087264  0.00141180  0.00201163  0.00377121  0.00902276  0.01803809  0.02827249  0.05552242  0.09278578
  0.00034348  0.00036145  0.00080309  0.00087875  0.00087281  0.00142924  0.00212513  0.00360648  0.00918296  0.01772139  0.02808189  0.05741178  0.09744816
  0.00036881  0.00039850  0.00080725  0.00096838  0.00093358  0.00149184  0.00215522  0.00376647  0.00957320  0.01788797  0.02787191  0.05587252  0.09299484
  0.00036403  0.00041502  0.00078947  0.00092798  0.00091866  0.00143724  0.00211613  0.00381609  0.00963946  0.01858502  0.02952817  0.05734951  0.10037504
  0.00037437  0.00039896  0.00081128  0.00101048  0.00091272  0.00166661  0.00224800  0.00393708  0.00997896  0.01874738  0.02939637  0.05949515  0.09698563
  0.00042287  0.00053617  0.00090780  0.00099328  0.00093494  0.00156932  0.00235860  0.00403009  0.01009554  0.01835779  0.02937535  0.05950951  0.10032664
  0.00047384  0.00045818  0.00099603  0.00107360  0.00108186  0.00168966  0.00229332  0.00393570  0.00985561  0.01946429  0.02992243  0.06107402  0.09878271
  0.00042654  0.00053814  0.00100887  0.00113840  0.00111278  0.00179288  0.00246259  0.00420191  0.01056858  0.02027420  0.03010058  0.06273589  0.09956752
  0.00112953  0.00063691  0.00131326  0.00144888  0.00144535  0.00223738  0.00268065  0.00461262  0.01239824  0.02200318  0.03398577  0.06210700  0.10809805
  0.00032603  0.00045992  0.00095074  0.00108689  0.00110290  0.00195915  0.00225458  0.00395517  0.01053545  0.01927848  0.03033435  0.06081288  0.10269972
  0.00041327  0.00054254  0.00100621  0.00120199  0.00117793  0.00191188  0.00251557  0.00420543  0.01086644  0.01995201  0.03003363  0.06254167  0.10390420
  0.00041433  0.00051416  0.00104140  0.00118315  0.00113374  0.00199646  0.00252572  0.00432158  0.01093023  0.02055812  0.03100607  0.06202083  0.10497154
  0.00050161  0.00048972  0.00106124  0.00132197  0.00121077  0.00195543  0.00252965  0.00449980  0.01127285  0.02016413  0.03007338  0.06167796  0.10517513
  0.00047761  0.00054696  0.00107500  0.00123066  0.00121432  0.00202467  0.00252405  0.00431461  0.01113811  0.02132811  0.03213665  0.05882256  0.10067317
  0.00044378  0.00056693  0.00108870  0.00131743  0.00122348  0.00212935  0.00257736  0.00434468  0.01997242  0.02136782  0.03186186  0.05930575  0.10497593
  0.00051522  0.00065707  0.00122005  0.00136329  0.00133920  0.00219517  0.00269865  0.00449220  0.01191903  0.02120283  0.03190869  0.06055874  0.10452560
  0.00056151  0.00055418  0.00110996  0.00138699  0.00138640  0.00214191  0.00293630  0.00467280  0.01219857  0.02207281  0.03390975  0.06367073  0.10412741
  0.00055146  0.00067328  0.00117074  0.00136165  0.00140749  0.00206955  0.00284266  0.00479688  0.01301854  0.02135547  0.03350342  0.06538338  0.10589322
  0.00051244  0.00062477  0.00118560  0.00136327  0.00134777  0.00218956  0.00315349  0.00464850  0.01240282  0.02289275  0.03421335  0.06549994  0.10070373
  0.00056080  0.00069254  0.00131107  0.00144682  0.00146317  0.00242747  0.00315111  0.00506418  0.01346056  0.02273920  0.03357431  0.06817383  0.11336434
  0.00066355  0.00063245  0.00132563  0.00150696  0.00158478  0.00240147  0.00348271  0.00525063  0.01380398  0.02300710  0.03516883  0.06779341  0.11364251
  0.00057329  0.00066384  0.00134355  0.00160451  0.00158815  0.00266258  0.00357273  0.00537114  0.01367142  0.02482199  0.03614568  0.06980107  0.11700249
  0.00062068  0.00077962  0.00133644  0.00159292  0.00169682  0.00261978  0.00362399  0.00509561  0.01446931  0.02499642  0.03652190  0.07062951  0.11747658
  0.00062873  0.00081603  0.00140274  0.00161063  0.00150815  0.00244754  0.00349422  0.00541498  0.01483959  0.02260045  0.03581888  0.07212036  0.11630364
  0.00062559  0.00082211  0.00143886  0.00158214  0.00175117  0.00263669  0.00374535  0.00575289  0.01374459  0.02554395  0.03785097  0.07428499  0.12228578
  0.00159447  0.00069796  0.00145224  0.00155363  0.00165324  0.00264949  0.00375838  0.00599843  0.01519608  0.02418602  0.03652418  0.07201211  0.10734706
  0.00262207  0.00282799  0.00288485  0.00352928  0.00338715  0.00410870  0.00367879  0.00562766  0.01510031  0.02311086  0.03729912  0.06879410  0.09595347
  0.00062519  0.00080873  0.00132659  0.00164103  0.00165247  0.00229481  0.00387157  0.00555756  0.01507743  0.02597609  0.03853637  0.07133375  0.10539937
  0.00079267  0.00085041  0.00150805  0.00167545  0.00208998  0.00309005  0.00376816  0.00605948  0.01543882  0.02599018  0.03848012  0.06845123  0.11545914
  0.00048442  0.00092966  0.00140155  0.00166971  0.00169687  0.00308777  0.00441140  0.00660228  0.01550906  0.02433995  0.03579065  0.06734670  0.11211886
  0.00055573  0.00076139  0.00104561  0.00173844  0.00176768  0.00280931  0.00379169  0.00592644  0.01586788  0.02323724  0.03612634  0.06244929  0.10035348
  0.00047927  0.00083204  0.00139301  0.00200242  0.00196109  0.00264042  0.00369773  0.00604082  0.01255525  0.02260809  0.03377981  0.06225118  0.10742829
  0.00034046  0.00052399  0.00130449  0.00137086  0.00208193  0.00339087  0.00482599  0.00704418  0.01415481  0.02587898  0.03375925  0.06769525  0.10869883
  0.00030159  0.00063937  0.00126773  0.00189512  0.00209481  0.00279029  0.00440268  0.00683949  0.01706983  0.02594209  0.03300241  0.06423413  0.09798154
  0.00054029  0.00088963  0.00109138  0.00146239  0.00194904  0.00346665  0.00374060  0.00558488  0.01685872  0.02334594  0.03491266  0.06575840  0.09410256
  0.00065928  0.00074655  0.00133067  0.00181347  0.00166461  0.00360655  0.00321755  0.00667251  0.01475960  0.02473478  0.03435123  0.06481934  0.09455609
  0.00037049  0.00052565  0.00142672  0.00197195  0.00167373  0.00313549  0.00489124  0.00533230  0.01407127  0.02661425  0.03346139  0.06486644  0.10402781
  0.00042941  0.00098965  0.00138189  0.00203369  0.00186741  0.00351943  0.00338563  0.00642862  0.01226530  0.02539994  0.03434277  0.07160182  0.11579350
  0.00045272  0.00052332  0.00172274  0.00187546  0.00238956  0.00331341  0.00473935  0.00669331  0.01481911  0.02337672  0.03383495  0.06143386  0.10770646
  0.00069554  0.00103849  0.00157528  0.00197224  0.00219917  0.00366583  0.00462312  0.00623246  0.01337145  0.02395751  0.03659863  0.06564564  0.11702431
  0.00057930  0.00080913  0.00150938  0.00261508  0.00232401  0.00407098  0.00500059  0.00772325  0.01803703  0.02688447  0.03617253  0.06465562  0.11318492
  0.00053322  0.00079184  0.00183370  0.00269007  0.00243143  0.00485838  0.00501279  0.00786081  0.01492954  0.02635043  0.03736762  0.07078183  0.12632603
  0.00268488  0.00324824  0.00343743  0.00433324  0.00377575  0.00455569  0.00508770  0.00810671  0.01558875  0.02787653  0.03492967  0.06695431  0.12214500
  0.00058661  0.00077747  0.00202697  0.00283187  0.00244970  0.00484604  0.00534742  0.00851003  0.01523663  0.02616793  0.03672065  0.06728739  0.10789677
