nums_threads: 
1 2 4 6 8 10 12 14 16 18 20 22 24 26 28 30 32 34 36 38 40 42 44 46 68 50 52 54 56 58 60 62 64 66 68 70 72 74 76 78 80 82 84 86 88 90 92 94 96 98 100 102 104 106 108 120 122 124 126 128 
elm_cnts:
        1000        2000        4000        6000        8000       16000       32000       64000      128000      256000      512000     1024000     2048000
timings:
  0.00019623  0.00040332  0.00087363  0.00137716  0.00186127  0.00390447  0.00840644  0.01774230  0.03813843  0.08025233  0.16609977  0.34475950  0.71778535
  0.00022800  0.00026684  0.00087435  0.00118704  0.00114713  0.00220743  0.00591486  0.01098149  0.02785443  0.04192036  0.08688199  0.19089969  0.37456451
  0.00024468  0.00027036  0.00066803  0.00075757  0.00087528  0.00203345  0.00344591  0.00835941  0.02463836  0.03926804  0.06225778  0.12912907  0.31396136
  0.00024093  0.00028649  0.00067191  0.00076962  0.00088144  0.00152006  0.00270423  0.00616173  0.01465464  0.03228024  0.05640817  0.10951626  0.21586396
  0.00024071  0.00027193  0.00067389  0.00078270  0.00087571  0.00149852  0.00257066  0.00535405  0.01142173  0.02997440  0.04581143  0.08844419  0.17441627
  0.00024584  0.00026888  0.00067489  0.00078276  0.00088103  0.00144157  0.00232809  0.00448199  0.00988284  0.02329325  0.04177351  0.07589818  0.14425196
  0.00026529  0.00028406  0.00069184  0.00081013  0.00093533  0.00148251  0.00226125  0.00429201  0.00929993  0.01979028  0.03501636  0.07003848  0.12173598
  0.00027553  0.00028154  0.00071248  0.00080154  0.00094065  0.00149090  0.00212687  0.00402955  0.00904462  0.01871417  0.03111654  0.06505627  0.11405377
  0.00027171  0.00030992  0.00071010  0.00081652  0.00094540  0.00152294  0.00204553  0.00379896  0.00877559  0.01779723  0.03088585  0.06235457  0.11296427
  0.00027218  0.00030235  0.00069741  0.00081754  0.00097894  0.00156355  0.00207300  0.00360960  0.00925743  0.01752313  0.02915552  0.06245828  0.10521260
  0.00030686  0.00030843  0.00072870  0.00085659  0.00097536  0.00156523  0.00208934  0.00358468  0.00883448  0.01727824  0.02818005  0.05853193  0.10135796
  0.00031450  0.00032558  0.00079080  0.00085612  0.00101157  0.00162124  0.00210985  0.00357747  0.00925435  0.01683486  0.02841209  0.05984419  0.09844411
  0.00030797  0.00032657  0.00073141  0.00088845  0.00102180  0.00167679  0.00216374  0.00354944  0.00895653  0.01757905  0.02790073  0.05684777  0.09695028
  0.00029358  0.00034072  0.00079678  0.00092278  0.00107906  0.00172460  0.00220060  0.00358191  0.00901061  0.01776097  0.02810514  0.05688849  0.09470231
  0.00031073  0.00034519  0.00083325  0.00090615  0.00108550  0.00169812  0.00221654  0.00356442  0.00918085  0.01803137  0.02822735  0.05658674  0.09517403
  0.00033254  0.00035436  0.00085308  0.00095897  0.00108473  0.00175765  0.00212586  0.00364387  0.00906302  0.01796597  0.02873930  0.05655908  0.09328428
  0.00036795  0.00039329  0.00082957  0.00096732  0.00113288  0.00174220  0.00230107  0.00361930  0.00922864  0.01740571  0.02790426  0.05583649  0.09435394
  0.00033595  0.00033127  0.00093037  0.00094583  0.00108889  0.00186652  0.00217088  0.00359195  0.00942065  0.01791908  0.02828181  0.05406223  0.09521265
  0.00038840  0.00034111  0.00083921  0.00102430  0.00108493  0.00185741  0.00221714  0.00373903  0.00952566  0.01854312  0.02909647  0.05424135  0.09544523
  0.00036794  0.00038738  0.00096005  0.00113185  0.00123994  0.00196179  0.00231658  0.00400089  0.00959982  0.01835023  0.02925216  0.05782854  0.09662552
  0.00036371  0.00041937  0.00097595  0.00111259  0.00123475  0.00207704  0.00242343  0.00399436  0.00986153  0.01862474  0.02968777  0.05852340  0.09915794
  0.00046338  0.00046622  0.00101550  0.00121435  0.00133886  0.00204987  0.00251386  0.00413454  0.01009428  0.01862029  0.02980394  0.05920575  0.09891465
  0.00039269  0.00048498  0.00103795  0.00119698  0.00136775  0.00213921  0.00254313  0.00421535  0.01025125  0.01894582  0.02872674  0.05952946  0.09633630
  0.00038930  0.00043398  0.00111749  0.00122786  0.00141325  0.00232749  0.00270933  0.00404114  0.01045229  0.01969809  0.02876968  0.06045742  0.10092781
  0.00110736  0.00061850  0.00134993  0.00159227  0.00190587  0.00288547  0.00345411  0.00456282  0.01270870  0.02245092  0.03469076  0.06550745  0.10474091
  0.00033996  0.00046464  0.00105862  0.00123137  0.00150547  0.00234449  0.00276230  0.00407274  0.01093871  0.02018133  0.03132406  0.06072436  0.10259915
  0.00045879  0.00055815  0.00135600  0.00138969  0.00157278  0.00235476  0.00280196  0.00427975  0.01147619  0.01909693  0.03055201  0.06160866  0.10024454
  0.00045392  0.00050072  0.00114231  0.00123642  0.00160239  0.00241216  0.00276484  0.00432588  0.01084642  0.02074004  0.03130929  0.06256809  0.10131396
  0.00040287  0.00049442  0.00123211  0.00134208  0.00156813  0.00260190  0.00281444  0.00450032  0.01076244  0.02037925  0.03059117  0.06127407  0.10404237
  0.00046732  0.00046604  0.00122168  0.00139853  0.00153239  0.00247577  0.00292099  0.00461121  0.01126378  0.02074271  0.03265821  0.06151938  0.10376110
  0.00043367  0.00053255  0.00119235  0.00135537  0.00152934  0.00243920  0.00312226  0.00473260  0.01239302  0.02124870  0.03230240  0.06385955  0.10340983
  0.00051492  0.00055427  0.00128172  0.00142876  0.00165135  0.00244375  0.00284833  0.00433668  0.01163873  0.02071916  0.03403419  0.06141720  0.10102787
  0.00049298  0.00063784  0.00132842  0.00135912  0.00178507  0.00262547  0.00283792  0.00492189  0.01174748  0.02146807  0.03244573  0.05942438  0.10444659
  0.00055519  0.00050775  0.00128694  0.00138884  0.00169842  0.00273538  0.00294856  0.00479782  0.01167409  0.02236655  0.03223234  0.05837144  0.10810457
  0.00043765  0.00059315  0.00120719  0.00151351  0.00179771  0.00292109  0.00312228  0.00466261  0.01242507  0.02140099  0.03272771  0.06058073  0.10236424
  0.00028057  0.00053465  0.00116060  0.00157597  0.00169110  0.00289812  0.00325463  0.00499553  0.01156302  0.02178238  0.03168601  0.06135501  0.10071922
  0.00047136  0.00055698  0.00113577  0.00145954  0.00178885  0.00279962  0.00321121  0.00495416  0.01131819  0.02211808  0.03236769  0.06021346  0.10560088
  0.00053449  0.00055045  0.00139641  0.00156879  0.00172506  0.00262327  0.00329682  0.00473842  0.01214196  0.02302180  0.03231561  0.05894053  0.10078195
  0.00030500  0.00049757  0.00106013  0.00137745  0.00165276  0.00301818  0.00332374  0.00507339  0.01276845  0.02087133  0.03241860  0.05965283  0.09910956
  0.00053541  0.00037382  0.00132155  0.00169835  0.00163182  0.00282028  0.00325450  0.00516057  0.01193932  0.02195951  0.03436918  0.06234175  0.10141928
  0.00044668  0.00062045  0.00130852  0.00157699  0.00193061  0.00307990  0.00344179  0.00506078  0.01214517  0.02260725  0.03427271  0.06290272  0.09560584
  0.00026235  0.00055560  0.00138202  0.00134559  0.00159178  0.00267373  0.00381481  0.00528711  0.01206360  0.02217578  0.02916043  0.06186346  0.10801130
  0.00050244  0.00068585  0.00131662  0.00178071  0.00191812  0.00277316  0.00369586  0.00511370  0.01352012  0.02098340  0.03551985  0.05941054  0.10324496
  0.00060039  0.00069108  0.00161557  0.00179963  0.00216357  0.00297234  0.00387979  0.00565798  0.01494949  0.02188028  0.03280051  0.06191389  0.10863935
  0.00032612  0.00051838  0.00111987  0.00136496  0.00196390  0.00314153  0.00376167  0.00496333  0.01416248  0.02205639  0.03388263  0.06349272  0.10434724
  0.00030696  0.00041625  0.00098726  0.00203048  0.00164389  0.00238058  0.00389799  0.00515459  0.01459948  0.02362533  0.03427615  0.05787254  0.10190522
  0.00065350  0.00047995  0.00175498  0.00133594  0.00212078  0.00280918  0.00364042  0.00581161  0.01613492  0.02403361  0.03476233  0.06170318  0.11634836
  0.00034215  0.00067678  0.00170573  0.00210108  0.00254668  0.00351467  0.00417877  0.00659721  0.01430538  0.02609506  0.03211142  0.06457808  0.10487767
  0.00032414  0.00048888  0.00094903  0.00173449  0.00170853  0.00334515  0.00395502  0.00774400  0.01558147  0.02551764  0.03246454  0.06196677  0.11081496
  0.00034811  0.00074277  0.00149759  0.00150154  0.00176127  0.00332466  0.00372654  0.00587255  0.01413178  0.02358954  0.03047312  0.06000477  0.09794856
  0.00036892  0.00082174  0.00132887  0.00188709  0.00195030  0.00372991  0.00344064  0.00744977  0.01440702  0.02360189  0.03247336  0.05933261  0.10219735
  0.00047949  0.00067644  0.00145806  0.00160139  0.00162678  0.00384026  0.00456640  0.00652913  0.01252798  0.02299817  0.03441353  0.05953296  0.10517042
  0.00032385  0.00070898  0.00181660  0.00194636  0.00202256  0.00349440  0.00387498  0.00553921  0.01206003  0.02367070  0.03333565  0.06724504  0.10169656
  0.00053356  0.00064859  0.00119154  0.00153233  0.00194035  0.00364573  0.00388190  0.00576477  0.01512116  0.02548344  0.03410299  0.06751826  0.10761242
  0.00038838  0.00069547  0.00130138  0.00184854  0.00250400  0.00330882  0.00404005  0.00628887  0.01293086  0.02560786  0.03552844  0.06298889  0.09985101
  0.00067191  0.00074237  0.00139548  0.00197784  0.00285487  0.00420220  0.00477877  0.00672979  0.01445721  0.02498209  0.03823237  0.06294915  0.11264467
  0.00048272  0.00070685  0.00163524  0.00234991  0.00254319  0.00423758  0.00547905  0.00664462  0.01569057  0.02744559  0.03433640  0.06785398  0.10815318
  0.00049732  0.00079621  0.00169963  0.00203795  0.00239071  0.00438384  0.00467981  0.00687236  0.01497089  0.02787673  0.03578243  0.07025710  0.11097233
  0.00050574  0.00065525  0.00153618  0.00211542  0.00227402  0.00444799  0.00566520  0.00734545  0.01431754  0.02640959  0.03676378  0.07207572  0.10815509
  0.00049842  0.00082488  0.00187067  0.00179464  0.00246972  0.00384403  0.00498041  0.00683389  0.01607361  0.02532644  0.03835398  0.07139904  0.11480196
